0
[[  0.    2.    0.    0.5]
 [  1.    2.    2.    0.5]
 [  2.    2.    0.    0.5]
 [  3.    2.   18.    1. ]
 [  4.    2.  -14.    0. ]
 [  5.    2.    0.    0.5]
 [  6.    2.    0.    0.5]
 [  7.    2.    0.    0.5]
 [  8.    2.    0.    0.5]
 [  9.    2.    2.    0.5]
 [ 10.    2.    0.    0.5]
 [ 11.    2.    0.    0.5]
 [ 12.    2.    0.    0.5]
 [ 13.    2.   18.    1. ]
 [ 14.    2.    0.    0.5]
 [ 15.    2.    0.    0.5]
 [ 16.    2.   18.    1. ]
 [ 17.    2.    0.    0.5]
 [ 18.    2.    0.    0.5]
 [ 19.    2.   18.    1. ]
 [ 20.    2.    0.    0.5]
 [ 21.    2.  -16.    0. ]
 [ 22.    2.    0.    0.5]
 [ 23.    2.   18.    1. ]
 [ 24.    2.    0.    0.5]
 [ 25.    2.   -9.    0. ]
 [ 26.    2.    0.    0.5]
 [ 27.    2.   18.    1. ]
 [ 28.    2.  -16.    0. ]
 [ 29.    2.    0.    0.5]]


0
[[  0.    2.  -16.    0. ]
 [  1.    2.  -19.    0. ]
 [  2.    2.   18.    1. ]
 [  3.    2.  -16.    0. ]
 [  4.    2.   18.    1. ]
 [  5.    2.    0.    0.5]
 [  6.    2.    2.    0.5]
 [  7.    2.    3.    0.5]
 [  8.    2.    0.    0.5]
 [  9.    2.   18.    1. ]
 [ 10.    2.  -16.    0. ]
 [ 11.    2.   18.    1. ]
 [ 12.    2.   18.    1. ]
 [ 13.    2.  -16.    0. ]
 [ 14.    2.  -18.    0. ]
 [ 15.    2.   18.    1. ]
 [ 16.    2.  -18.    0. ]
 [ 17.    2.    9.    0.5]
 [ 18.    2.    0.    0.5]
 [ 19.    2.    0.    0.5]
 [ 20.    2.  -18.    0. ]
 [ 21.    2.   18.    1. ]
 [ 22.    2.    0.    0.5]
 [ 23.    2.  -18.    0. ]
 [ 24.    2.  -16.    0. ]
 [ 25.    2.   18.    1. ]
 [ 26.    2.  -14.    0. ]
 [ 27.    2.   18.    1. ]
 [ 28.    2.    0.    0.5]
 [ 29.    2.   18.    1. ]]


0
[[  0.   10.    0.4   0.5]
 [  1.   10.    1.2   0.5]
 [  2.   10.    7.2   0.7]
 [  3.   10.    8.    0.7]
 [  4.   10.   -3.6   0.4]
 [  5.   10.   11.2   0.8]
 [  6.   10.    9.2   0.8]
 [  7.   10.    7.2   0.7]
 [  8.   10.   -9.2   0.2]
 [  9.   10.    4.4   0.6]
 [ 10.   10.    0.4   0.5]
 [ 11.   10.    1.2   0.5]
 [ 12.   10.   -3.    0.4]
 [ 13.   10.    4.4   0.6]
 [ 14.   10.   -7.2   0.3]
 [ 15.   10.   -2.    0.4]
 [ 16.   10.    0.8   0.5]
 [ 17.   10.    3.6   0.6]
 [ 18.   10.    0.4   0.5]
 [ 19.   10.   -6.4   0.3]
 [ 20.   10.   10.8   0.8]
 [ 21.   10.   -3.2   0.4]
 [ 22.   10.    0.4   0.5]
 [ 23.   10.  -10.8   0.2]
 [ 24.   10.    7.2   0.7]
 [ 25.   10.    7.6   0.7]
 [ 26.   10.   14.4   0.9]
 [ 27.   10.    7.2   0.7]
 [ 28.   10.   11.2   0.8]
 [ 29.   10.    0.8   0.5]]


1
[[  0.    20.     7.1    0.7 ]
 [  1.    20.     4.4    0.6 ]
 [  2.    20.     5.6    0.65]
 [  3.    20.     9.2    0.75]
 [  4.    20.     1.4    0.55]
 [  5.    20.     6.45   0.65]
 [  6.    20.     2.1    0.55]
 [  7.    20.     0.6    0.5 ]
 [  8.    20.     2.     0.55]
 [  9.    20.    -0.65   0.45]
 [ 10.    20.     0.3    0.5 ]
 [ 11.    20.     5.8    0.65]
 [ 12.    20.    -4.6    0.35]
 [ 13.    20.     0.6    0.5 ]
 [ 14.    20.     4.6    0.6 ]
 [ 15.    10.    14.4    0.9 ]
 [ 16.    10.     4.4    0.6 ]
 [ 17.    10.     4.     0.6 ]
 [ 18.    10.    14.4    0.9 ]
 [ 19.    10.   -18.     0.  ]
 [ 20.    10.    -6.4    0.3 ]
 [ 21.    10.   -18.     0.  ]
 [ 22.    10.   -18.     0.  ]
 [ 23.    10.    -3.2    0.4 ]
 [ 24.    10.   -16.2    0.  ]
 [ 25.    10.     4.4    0.6 ]
 [ 26.    10.    -6.8    0.3 ]
 [ 27.    10.   -18.     0.  ]
 [ 28.    10.     7.6    0.7 ]
 [ 29.    10.    10.8    0.8 ]]


2
[[  0.          20.          14.4          0.9       ]
 [  1.          20.           9.4          0.75      ]
 [  2.          20.          14.4          0.9       ]
 [  3.          30.           4.13333333   0.6       ]
 [  4.          20.           7.6          0.7       ]
 [  5.          30.           5.93333333   0.66666667]
 [  6.          30.           3.23333333   0.56666667]
 [  7.          30.           3.86666667   0.6       ]
 [  8.          30.           5.           0.63333333]
 [  9.          30.           4.23333333   0.6       ]
 [ 10.          30.           4.4          0.6       ]
 [ 11.          20.           4.2          0.6       ]
 [ 12.          20.           4.2          0.6       ]
 [ 13.          20.           4.2          0.6       ]
 [ 14.          30.           0.7          0.5       ]
 [ 15.          10.          -6.           0.3       ]
 [ 16.          10.         -18.           0.        ]
 [ 17.          10.          18.1          1.        ]
 [ 18.          10.          18.1          1.        ]
 [ 19.          10.          18.           1.        ]
 [ 20.          10.           7.2          0.7       ]
 [ 21.          10.           0.           0.5       ]
 [ 22.          10.           4.5          0.6       ]
 [ 23.          10.           4.4          0.6       ]
 [ 24.          10.          14.4          0.9       ]
 [ 25.          10.          -6.4          0.3       ]
 [ 26.          10.          10.8          0.8       ]
 [ 27.          10.         -18.           0.        ]
 [ 28.          10.          14.4          0.9       ]
 [ 29.          10.          -2.8          0.4       ]]


0
[[  0.     40.      7.725   0.7  ]
 [  1.     40.      3.2     0.575]
 [  2.     40.     -1.3     0.45 ]
 [  3.     40.      4.35    0.6  ]
 [  4.     40.     -5.05    0.35 ]
 [  5.     40.      2.55    0.55 ]
 [  6.     40.      2.125   0.55 ]
 [  7.     40.     -3.075   0.4  ]
 [  8.     40.      1.825   0.525]
 [  9.     40.      0.3     0.5  ]
 [ 10.     40.      0.275   0.5  ]
 [ 11.     40.      3.025   0.575]
 [ 12.     40.     -0.3     0.475]
 [ 13.     40.     -0.4     0.475]
 [ 14.     40.     -1.05    0.45 ]
 [ 15.     40.     -0.3     0.475]
 [ 16.     40.     -2.9     0.4  ]
 [ 17.     40.      9.3     0.75 ]
 [ 18.     40.     -3.9     0.375]
 [ 19.     40.      4.7     0.625]
 [ 20.     40.     -0.4     0.475]
 [ 21.     40.     -2.5     0.425]
 [ 22.     40.     -2.35    0.4  ]
 [ 23.     40.      5.875   0.65 ]
 [ 24.     40.      3.9     0.6  ]
 [ 25.     40.      3.8     0.6  ]
 [ 26.     40.      3.15    0.575]
 [ 27.     40.      5.25    0.625]
 [ 28.     40.     -1.1     0.45 ]
 [ 29.     40.      2.125   0.55 ]]
0
[[  0.     40.     -1.1     0.45 ]
 [  1.     40.     -0.5     0.475]
 [  2.     40.      2.2     0.55 ]
 [  3.     40.     13.55    0.875]
 [  4.     40.      0.2     0.5  ]
 [  5.     40.      1.125   0.5  ]
 [  6.     40.     -0.95    0.45 ]
 [  7.     40.     -3.575   0.375]
 [  8.     40.      0.225   0.5  ]
 [  9.     40.     -3.9     0.375]
 [ 10.     40.      1.55    0.525]
 [ 11.     40.     -1.875   0.425]
 [ 12.     40.     -1.35    0.45 ]
 [ 13.     40.     -1.1     0.45 ]
 [ 14.     40.     -1.2     0.45 ]
 [ 15.     40.      0.2     0.5  ]
 [ 16.     40.     -1.8     0.425]
 [ 17.     40.      2.2     0.55 ]
 [ 18.     40.      2.3     0.55 ]
 [ 19.     40.     -0.4     0.475]
 [ 20.     40.      4.05    0.6  ]
 [ 21.     40.     -1.1     0.45 ]
 [ 22.     40.      5.1     0.65 ]
 [ 23.     40.      2.4     0.55 ]
 [ 24.     40.      2.2     0.55 ]
 [ 25.     40.      5.      0.625]
 [ 26.     40.      1.5     0.525]
 [ 27.     40.      1.525   0.525]
 [ 28.     40.      1.85    0.525]
 [ 29.     40.      2.325   0.55 ]]
(({'teammateDist': 3.58, 'closest-food': -4.08, 'eats-capsules': 16.34, '#-of-dangerous-ghosts-1-step-away': -35.21, 'eats-ghost': 1.05, 'invaders-1-step-away': 1.68, '#-of-harmless-ghosts-1-step-away': 0.01, 'stopped': -7.08, 'eats-invader': 7.96, 'eats-food': 0.39}, {'teammateDist': 2.13, 'closest-food': -1.19, 'eats-capsules': 17.79, '#-of-dangerous-ghosts-1-step-away': -38.82, 'eats-ghost': 0.65, 'invaders-1-step-away': 3.65, '#-of-harmless-ghosts-1-step-away': 0.55, 'stopped': -5.63, 'eats-invader': 4.46, 'eats-food': 1.67}), (0, 40.0, 13.550000000000001, 0.875))


1
[[  0.      80.      10.375    0.7875]
 [  1.      80.       2.475    0.5625]
 [  2.      80.       5.       0.625 ]
 [  3.      80.       3.875    0.6   ]
 [  4.      80.       1.4125   0.525 ]
 [  5.      80.       1.3625   0.525 ]
 [  6.      80.       0.6125   0.5   ]
 [  7.      80.       2.225    0.55  ]
 [  8.      80.       1.3      0.525 ]
 [  9.      80.      -1.3      0.45  ]
 [ 10.      80.       3.0625   0.575 ]
 [ 11.      80.       2.725    0.5625]
 [ 12.      80.       0.5125   0.5   ]
 [ 13.      80.      -1.125    0.45  ]
 [ 14.      80.       0.1625   0.475 ]
 [ 15.      40.     -18.       0.    ]
 [ 16.      40.      16.275    0.95  ]
 [ 17.      40.       0.475    0.5   ]
 [ 18.      40.       1.325    0.525 ]
 [ 19.      40.       0.85     0.5   ]
 [ 20.      40.     -18.       0.    ]
 [ 21.      40.     -18.       0.    ]
 [ 22.      40.       0.4      0.475 ]
 [ 23.      40.      13.525    0.875 ]
 [ 24.      40.       2.725    0.575 ]
 [ 25.      40.     -18.05     0.    ]
 [ 26.      40.       0.575    0.475 ]
 [ 27.      40.       1.6      0.525 ]
 [ 28.      40.     -18.       0.    ]
 [ 29.      40.       2.4      0.55  ]]
(({'teammateDist': 4.457498947707229, 'closest-food': -2.647678928302625, 'eats-capsules': 16.841841505854305, '#-of-dangerous-ghosts-1-step-away': -4.844436422463933, 'eats-ghost': 4.104719902846017, 'invaders-1-step-away': 4.325547780571666, '#-of-harmless-ghosts-1-step-away': -0.5257656870086065, 'stopped': -7.0873897456223585, 'eats-invader': 9.499412460350511, 'eats-food': 0.6689040223854171}, {'teammateDist': 3.3432551747743173, 'closest-food': -1.6340967361524754, 'eats-capsules': 8.108287869691868, '#-of-dangerous-ghosts-1-step-away': -9.895515461656604, 'eats-ghost': 3.798080181375952, 'invaders-1-step-away': -0.6133937983648423, '#-of-harmless-ghosts-1-step-away': -0.4588882145821593, 'stopped': -1.8511745087001703, 'eats-invader': 7.736374643769473, 'eats-food': -0.932232056915124}), (0, 40.0, 16.274999999999999, 0.94999999999999996))


2
[[   0.           80.           15.35          0.925     ]
 [   1.           80.           14.8875        0.9125    ]
 [   2.          120.           11.71666667    0.825     ]
 [   3.          120.            7.04166667    0.68333333]
 [   4.          120.            2.41666667    0.55833333]
 [   5.          120.            3.78333333    0.6       ]
 [   6.           80.            2.05          0.5625    ]
 [   7.          120.            0.46666667    0.5       ]
 [   8.          120.            3.25          0.58333333]
 [   9.           80.            3.075         0.5625    ]
 [  10.          120.            1.38333333    0.525     ]
 [  11.           80.            0.575         0.5       ]
 [  12.          120.            1.44166667    0.525     ]
 [  13.          120.            0.4           0.49166667]
 [  14.           80.            2.5625        0.5625    ]
 [  15.           40.           14.4           0.9       ]
 [  16.           40.           -3.3           0.4       ]
 [  17.           40.           13.525         0.875     ]
 [  18.           40.          -18.            0.        ]
 [  19.           40.            3.625         0.575     ]
 [  20.           40.           16.25          0.95      ]
 [  21.           40.            0.425         0.525     ]
 [  22.           40.           -2.4           0.425     ]
 [  23.           40.          -17.55          0.        ]
 [  24.           40.            1.35          0.525     ]
 [  25.           40.           -1.6           0.45      ]
 [  26.           40.           -1.3           0.45      ]
 [  27.           40.          -18.            0.        ]
 [  28.           40.          -18.            0.        ]
 [  29.           40.           -1.475         0.45      ]]
(({'teammateDist': 5.134761324091041, 'closest-food': -0.878736111463317, 'eats-capsules': 9.490345394799931, '#-of-dangerous-ghosts-1-step-away': -1.1155061976325646, 'eats-ghost': 0.6154056986497491, 'invaders-1-step-away': 0.4471167288903378, '#-of-harmless-ghosts-1-step-away': -0.0732112297306555, 'stopped': -7.744499649240745, 'eats-invader': 8.243751319429741, 'eats-food': 0.06806077741168798}, {'teammateDist': 4.087935042016452, 'closest-food': -3.4559947956720762, 'eats-capsules': 10.377299642941953, '#-of-dangerous-ghosts-1-step-away': -4.7902241187679255, 'eats-ghost': 0.5299746548813331, 'invaders-1-step-away': 0.8100818435669597, '#-of-harmless-ghosts-1-step-away': 0.6143793381529259, 'stopped': -9.473034887113794, 'eats-invader': 6.979255428575299, 'eats-food': 0.7041449300886375}), (0, 40.0, 16.25, 0.94999999999999996))


3
[[   0.           80.           16.225         0.95      ]
 [   1.          120.           15.64166667    0.93333333]
 [   2.          120.           15.63333333    0.93333333]
 [   3.           80.           15.3125        0.925     ]
 [   4.           80.           14.4125        0.9       ]
 [   5.          160.           11.7125        0.825     ]
 [   6.          160.            5.2875        0.63125   ]
 [   7.          160.            4.20625       0.6125    ]
 [   8.          160.            2.95625       0.575     ]
 [   9.           80.            2.025         0.5375    ]
 [  10.          120.            3.09166667    0.56666667]
 [  11.          120.            1.575         0.53333333]
 [  12.          120.            2.475         0.56666667]
 [  13.          160.            2.            0.54375   ]
 [  14.          160.            0.575         0.5       ]
 [  15.           40.           16.225         0.95      ]
 [  16.           40.          -18.            0.        ]
 [  17.           40.          -18.            0.        ]
 [  18.           40.           17.1           0.975     ]
 [  19.           40.           16.275         0.95      ]
 [  20.           40.           14.45          0.9       ]
 [  21.           40.            2.4           0.55      ]
 [  22.           40.           14.4           0.9       ]
 [  23.           40.          -18.            0.        ]
 [  24.           40.            2.1           0.55      ]
 [  25.           40.           14.5           0.9       ]
 [  26.           40.            2.125         0.55      ]
 [  27.           40.            7.1           0.7       ]
 [  28.           40.            1.            0.525     ]
 [  29.           40.           -2.2           0.425     ]]
(({'teammateDist': 5.151472779580194, 'closest-food': -0.9303379916605747, 'eats-capsules': 16.92843069196501, '#-of-dangerous-ghosts-1-step-away': -5.501164235240635, 'eats-ghost': 2.9591275759456384, 'invaders-1-step-away': 2.548203241961438, '#-of-harmless-ghosts-1-step-away': -1.5976301338800531, 'stopped': -5.567727798861874, 'eats-invader': 10.708937090415004, 'eats-food': 1.2366642922139646}, {'teammateDist': 2.3351017316429044, 'closest-food': -0.26997343640662663, 'eats-capsules': 8.51060800354376, '#-of-dangerous-ghosts-1-step-away': -7.854953361503268, 'eats-ghost': 3.446660903418744, 'invaders-1-step-away': -1.4796117197576533, '#-of-harmless-ghosts-1-step-away': -3.263414872258449, 'stopped': -1.2019984440853164, 'eats-invader': 9.469419254672182, 'eats-food': 0.7055793795049012}), (0, 40.0, 17.100000000000001, 0.97499999999999998))


4
[[   0.           80.           16.65          0.9625    ]
 [   1.           80.           16.25          0.95      ]
 [   2.          120.           16.21666667    0.95      ]
 [   3.           80.           17.1375        0.975     ]
 [   4.          160.           15.33125       0.925     ]
 [   5.          160.           16.            0.94375   ]
 [   6.          120.           14.70833333    0.90833333]
 [   7.           80.           15.3625        0.925     ]
 [   8.           80.           14.4625        0.9       ]
 [   9.          120.           15.01666667    0.91666667]
 [  10.           80.           16.225         0.95      ]
 [  11.          200.           12.07          0.835     ]
 [  12.           80.            4.8125        0.6375    ]
 [  13.          200.            5.15          0.63      ]
 [  14.          200.            4.415         0.615     ]
 [  15.           40.           13.5           0.875     ]
 [  16.           40.           -1.7           0.45      ]
 [  17.           40.          -18.            0.        ]
 [  18.           40.           17.15          0.975     ]
 [  19.           40.           16.25          0.95      ]
 [  20.           40.          -18.            0.        ]
 [  21.           40.           15.375         0.925     ]
 [  22.           40.           12.625         0.85      ]
 [  23.           40.           14.475         0.9       ]
 [  24.           40.            0.7           0.5       ]
 [  25.           40.           14.425         0.9       ]
 [  26.           40.            4.8           0.625     ]
 [  27.           40.            4.8           0.625     ]
 [  28.           40.            5.175         0.625     ]
 [  29.           40.            5.575         0.65      ]]
(({'teammateDist': 5.450676417091751, 'closest-food': -2.7012855194432004, 'eats-capsules': 5.903653432436576, '#-of-dangerous-ghosts-1-step-away': -2.843596931886008, 'eats-ghost': 0.8223436008016611, 'invaders-1-step-away': 0.20866516454592926, '#-of-harmless-ghosts-1-step-away': -1.0900554470174688, 'stopped': -7.047049307842425, 'eats-invader': 8.341519271107765, 'eats-food': 1.8075724980257573}, {'teammateDist': 2.434506444276016, 'closest-food': -3.8955087662266754, 'eats-capsules': 9.435101284130356, '#-of-dangerous-ghosts-1-step-away': -4.248134588345291, 'eats-ghost': 0.2174903730972408, 'invaders-1-step-away': 0.3572281874261716, '#-of-harmless-ghosts-1-step-away': 1.8774880305356443, 'stopped': -12.668123425086659, 'eats-invader': 5.30357074323127, 'eats-food': -0.005151909608170607}), (0, 40.0, 17.149999999999999, 0.97499999999999998))


5
[[   0.           80.           16.275         0.95      ]
 [   1.          120.           16.525         0.95833333]
 [   2.          120.           16.2           0.95      ]
 [   3.          120.           15.63333333    0.93333333]
 [   4.           80.           13.975         0.8875    ]
 [   5.          120.           16.525         0.95833333]
 [   6.          160.           16.675         0.9625    ]
 [   7.          200.           15.87          0.94      ]
 [   8.           80.           16.75          0.9625    ]
 [   9.          120.           15.94166667    0.94166667]
 [  10.          200.           15.69          0.935     ]
 [  11.          160.           14.1875        0.89375   ]
 [  12.          160.           15.30625       0.925     ]
 [  13.           80.           15.35          0.925     ]
 [  14.          120.           13.85          0.88333333]
 [  15.           40.           15.35          0.925     ]
 [  16.           40.           12.525         0.85      ]
 [  17.           40.           18.05          1.        ]
 [  18.           40.           14.475         0.9       ]
 [  19.           40.            3.35          0.575     ]
 [  20.           40.            4.125         0.6       ]
 [  21.           40.          -18.            0.        ]
 [  22.           40.           16.25          0.95      ]
 [  23.           40.          -17.55          0.        ]
 [  24.           40.          -17.55          0.        ]
 [  25.           40.          -18.            0.        ]
 [  26.           40.            1.6           0.525     ]
 [  27.           40.          -17.55          0.        ]
 [  28.           40.           -2.            0.425     ]
 [  29.           40.            0.4           0.5       ]]
(({'teammateDist': 4.83732411448291, 'closest-food': -2.2792869586691085, 'eats-capsules': 18.063565719210562, '#-of-dangerous-ghosts-1-step-away': -4.326570886038093, 'eats-ghost': 6.027476446329797, 'invaders-1-step-away': 2.8667693646175856, '#-of-harmless-ghosts-1-step-away': -1.9854693847142353, 'stopped': -4.571039959508215, 'eats-invader': 9.686992544041562, 'eats-food': 0.515585148676172}, {'teammateDist': 2.361922964176723, 'closest-food': 1.7138913899639818, 'eats-capsules': 8.26297986430175, '#-of-dangerous-ghosts-1-step-away': -6.455521771527703, 'eats-ghost': 3.149641391121423, 'invaders-1-step-away': -2.0649803316144957, '#-of-harmless-ghosts-1-step-away': -2.1854380083837515, 'stopped': -1.1669365630606707, 'eats-invader': 11.316267159550817, 'eats-food': 0.25914164301031456}), (0, 40.0, 18.050000000000001, 1.0))


6
[[   0.           80.           16.7           0.9625    ]
 [   1.          120.           16.88333333    0.96666667]
 [   2.          200.           16.405         0.955     ]
 [   3.          160.           16.45          0.95625   ]
 [   4.          160.           16.21875       0.95      ]
 [   5.          120.           15.35833333    0.925     ]
 [   6.           80.           15.325         0.925     ]
 [   7.          160.           16.2125        0.95      ]
 [   8.          160.           16.00625       0.94375   ]
 [   9.          240.           15.18333333    0.92083333]
 [  10.          240.           15.78333333    0.9375    ]
 [  11.          160.           15.325         0.925     ]
 [  12.          120.           14.14166667    0.89166667]
 [  13.           80.           15.7875        0.9375    ]
 [  14.          200.           14.945         0.915     ]
 [  15.           40.           14.425         0.9       ]
 [  16.           40.           16.2           0.95      ]
 [  17.           40.          -18.1           0.        ]
 [  18.           40.           15.3           0.925     ]
 [  19.           40.           16.2           0.95      ]
 [  20.           40.           11.35          0.825     ]
 [  21.           40.          -17.55          0.        ]
 [  22.           40.           17.125         0.975     ]
 [  23.           40.            1.5           0.525     ]
 [  24.           40.          -18.025         0.        ]
 [  25.           40.          -18.            0.        ]
 [  26.           40.           13.5           0.875     ]
 [  27.           40.           16.2           0.95      ]
 [  28.           40.           17.175         0.975     ]
 [  29.           40.            4.3           0.6       ]]
(({'teammateDist': 4.551581998564976, 'closest-food': -4.848553524437277, 'eats-capsules': 5.011828036519439, '#-of-dangerous-ghosts-1-step-away': -2.2301456644643505, 'eats-ghost': 1.2310971369571126, 'invaders-1-step-away': 2.2221925599565777, '#-of-harmless-ghosts-1-step-away': -1.6344827042541379, 'stopped': -8.525388122930927, 'eats-invader': 9.537588522872252, 'eats-food': 1.6856926081842007}, {'teammateDist': 3.93086796500366, 'closest-food': -6.141340529465754, 'eats-capsules': 10.242248990355003, '#-of-dangerous-ghosts-1-step-away': -4.255560142194268, 'eats-ghost': -0.8022605948771495, 'invaders-1-step-away': 1.0285385525869983, '#-of-harmless-ghosts-1-step-away': 3.655843906368935, 'stopped': -15.24577459131797, 'eats-invader': 6.263618904016061, 'eats-food': -1.4602752371506005}), (0, 40.0, 17.175000000000001, 0.97499999999999998))


7
[[  0.00000000e+00   8.00000000e+01   1.58250000e+01   9.37500000e-01]
 [  1.00000000e+00   8.00000000e+01   1.53250000e+01   9.25000000e-01]
 [  2.00000000e+00   1.60000000e+02   1.65062500e+01   9.56250000e-01]
 [  3.00000000e+00   1.20000000e+02   1.68416667e+01   9.66666667e-01]
 [  4.00000000e+00   2.00000000e+02   1.64000000e+01   9.55000000e-01]
 [  5.00000000e+00   2.40000000e+02   1.66750000e+01   9.62500000e-01]
 [  6.00000000e+00   2.00000000e+02   1.65800000e+01   9.60000000e-01]
 [  7.00000000e+00   2.00000000e+02   1.63950000e+01   9.55000000e-01]
 [  8.00000000e+00   8.00000000e+01   1.44000000e+01   9.00000000e-01]
 [  9.00000000e+00   8.00000000e+01   1.53125000e+01   9.25000000e-01]
 [  1.00000000e+01   8.00000000e+01   1.53000000e+01   9.25000000e-01]
 [  1.10000000e+01   2.00000000e+02   1.56850000e+01   9.35000000e-01]
 [  1.20000000e+01   1.20000000e+02   1.59250000e+01   9.41666667e-01]
 [  1.30000000e+01   2.80000000e+02   1.57142857e+01   9.35714286e-01]
 [  1.40000000e+01   1.60000000e+02   1.53625000e+01   9.25000000e-01]
 [  1.50000000e+01   4.00000000e+01   1.71500000e+01   9.75000000e-01]
 [  1.60000000e+01   4.00000000e+01  -1.80000000e+01   0.00000000e+00]
 [  1.70000000e+01   4.00000000e+01  -1.80000000e+01   0.00000000e+00]
 [  1.80000000e+01   4.00000000e+01  -1.80000000e+01   0.00000000e+00]
 [  1.90000000e+01   4.00000000e+01   7.75000000e+00   7.25000000e-01]
 [  2.00000000e+01   4.00000000e+01  -1.80000000e+01   0.00000000e+00]
 [  2.10000000e+01   4.00000000e+01   3.97500000e+00   6.00000000e-01]
 [  2.20000000e+01   4.00000000e+01   1.80000000e+01   1.00000000e+00]
 [  2.30000000e+01   4.00000000e+01   1.35000000e+01   8.75000000e-01]
 [  2.40000000e+01   4.00000000e+01  -1.54250000e+01   7.50000000e-02]
 [  2.50000000e+01   4.00000000e+01   1.53250000e+01   9.25000000e-01]
 [  2.60000000e+01   4.00000000e+01   1.44250000e+01   9.00000000e-01]
 [  2.70000000e+01   4.00000000e+01   1.54500000e+01   9.25000000e-01]
 [  2.80000000e+01   4.00000000e+01   1.62000000e+01   9.50000000e-01]
 [  2.90000000e+01   4.00000000e+01   1.41000000e+01   8.75000000e-01]]
(({'teammateDist': 5.752202133463692, 'closest-food': -0.2024162753665779, 'eats-capsules': 18.12426753759796, '#-of-dangerous-ghosts-1-step-away': -6.21541969482498, 'eats-ghost': 2.0671314081080876, 'invaders-1-step-away': 1.648944362384888, '#-of-harmless-ghosts-1-step-away': -1.212257471808609, 'stopped': -7.119253898281348, 'eats-invader': 9.304764713055345, 'eats-food': 2.0595625061898373}, {'teammateDist': 2.996558993876235, 'closest-food': -0.23132379872783984, 'eats-capsules': 7.986482731726909, '#-of-dangerous-ghosts-1-step-away': -8.314570183297608, 'eats-ghost': 2.208676188474003, 'invaders-1-step-away': -1.1787809189978034, '#-of-harmless-ghosts-1-step-away': -3.1067102236627604, 'stopped': -0.254418405932024, 'eats-invader': 8.750610464231947, 'eats-food': 1.745949670320806}), (0, 40.0, 18.0, 1.0))


8
[[  0.00000000e+00   8.00000000e+01   1.71250000e+01   9.75000000e-01]
 [  1.00000000e+00   8.00000000e+01   1.58000000e+01   9.37500000e-01]
 [  2.00000000e+00   1.60000000e+02   1.64625000e+01   9.56250000e-01]
 [  3.00000000e+00   2.80000000e+02   1.66071429e+01   9.60714286e-01]
 [  4.00000000e+00   2.40000000e+02   1.62166667e+01   9.50000000e-01]
 [  5.00000000e+00   2.00000000e+02   1.64550000e+01   9.55000000e-01]
 [  6.00000000e+00   2.40000000e+02   1.62291667e+01   9.50000000e-01]
 [  7.00000000e+00   2.40000000e+02   1.65375000e+01   9.58333333e-01]
 [  8.00000000e+00   8.00000000e+01   1.57875000e+01   9.37500000e-01]
 [  9.00000000e+00   1.60000000e+02   1.57812500e+01   9.37500000e-01]
 [  1.00000000e+01   1.20000000e+02   1.62666667e+01   9.50000000e-01]
 [  1.10000000e+01   3.20000000e+02   1.58875000e+01   9.40625000e-01]
 [  1.20000000e+01   2.40000000e+02   1.56250000e+01   9.33333333e-01]
 [  1.30000000e+01   8.00000000e+01   1.58375000e+01   9.37500000e-01]
 [  1.40000000e+01   2.00000000e+02   1.57250000e+01   9.35000000e-01]
 [  1.50000000e+01   4.00000000e+01   1.44500000e+01   9.00000000e-01]
 [  1.60000000e+01   4.00000000e+01   1.35250000e+01   8.75000000e-01]
 [  1.70000000e+01   4.00000000e+01   1.35000000e+01   8.75000000e-01]
 [  1.80000000e+01   4.00000000e+01  -1.80000000e+01   0.00000000e+00]
 [  1.90000000e+01   4.00000000e+01  -1.80000000e+01   0.00000000e+00]
 [  2.00000000e+01   4.00000000e+01  -1.80000000e+01   0.00000000e+00]
 [  2.10000000e+01   4.00000000e+01   1.62250000e+01   9.50000000e-01]
 [  2.20000000e+01   4.00000000e+01   1.44250000e+01   9.00000000e-01]
 [  2.30000000e+01   4.00000000e+01   1.62250000e+01   9.50000000e-01]
 [  2.40000000e+01   4.00000000e+01   1.62750000e+01   9.50000000e-01]
 [  2.50000000e+01   4.00000000e+01   1.53250000e+01   9.25000000e-01]
 [  2.60000000e+01   4.00000000e+01   2.32500000e+00   5.50000000e-01]
 [  2.70000000e+01   4.00000000e+01   1.00000000e-01   4.75000000e-01]
 [  2.80000000e+01   4.00000000e+01   1.62750000e+01   9.50000000e-01]
 [  2.90000000e+01   4.00000000e+01   8.57500000e+00   7.50000000e-01]]
(({'teammateDist': 5.752202133463692, 'closest-food': -0.2024162753665779, 'eats-capsules': 18.12426753759796, '#-of-dangerous-ghosts-1-step-away': -6.21541969482498, 'eats-ghost': 2.0671314081080876, 'invaders-1-step-away': 1.648944362384888, '#-of-harmless-ghosts-1-step-away': -1.212257471808609, 'stopped': -7.119253898281348, 'eats-invader': 9.304764713055345, 'eats-food': 2.0595625061898373}, {'teammateDist': 2.996558993876235, 'closest-food': -0.23132379872783984, 'eats-capsules': 7.986482731726909, '#-of-dangerous-ghosts-1-step-away': -8.314570183297608, 'eats-ghost': 2.208676188474003, 'invaders-1-step-away': -1.1787809189978034, '#-of-harmless-ghosts-1-step-away': -3.1067102236627604, 'stopped': -0.254418405932024, 'eats-invader': 8.750610464231947, 'eats-food': 1.745949670320806}), (0, 80.0, 17.125, 0.97499999999999998))


9
[[   0.          120.           14.71666667    0.90833333]
 [   1.          320.           16.7875        0.965625  ]
 [   2.          280.           16.49285714    0.95714286]
 [   3.          200.           16.23          0.95      ]
 [   4.          240.           16.2625        0.95      ]
 [   5.           80.           17.1625        0.975     ]
 [   6.           80.           16.25          0.95      ]
 [   7.          160.           16.7           0.9625    ]
 [   8.          280.           15.71071429    0.93571429]
 [   9.           80.           16.225         0.95      ]
 [  10.           80.           15.325         0.925     ]
 [  11.          280.           16.22142857    0.95      ]
 [  12.          360.           15.92222222    0.94166667]
 [  13.          120.           16.26666667    0.95      ]
 [  14.          120.           15.94166667    0.94166667]
 [  15.           40.           15.35          0.925     ]
 [  16.           40.          -18.            0.        ]
 [  17.           40.          -18.            0.        ]
 [  18.           40.          -18.025         0.        ]
 [  19.           40.           17.1           0.975     ]
 [  20.           40.           15.3           0.925     ]
 [  21.           40.           18.025         1.        ]
 [  22.           40.           15.35          0.925     ]
 [  23.           40.          -18.            0.        ]
 [  24.           40.          -18.05          0.        ]
 [  25.           40.           16.225         0.95      ]
 [  26.           40.           -0.925         0.475     ]
 [  27.           40.           14.425         0.9       ]
 [  28.           40.           17.125         0.975     ]
 [  29.           40.           16.2           0.95      ]]
(({'teammateDist': 4.208324316358741, 'closest-food': -3.141565030909096, 'eats-capsules': 6.617216732144136, '#-of-dangerous-ghosts-1-step-away': -1.2141886774463446, 'eats-ghost': 3.7098028382787316, 'invaders-1-step-away': 3.0417077873892415, '#-of-harmless-ghosts-1-step-away': -1.2381132145486293, 'stopped': -4.960113010356453, 'eats-invader': 8.694179613434867, 'eats-food': 0.6474202954146588}, {'teammateDist': 4.405758248179523, 'closest-food': -1.7956005572266796, 'eats-capsules': 12.118462175067783, '#-of-dangerous-ghosts-1-step-away': -5.692083433869295, 'eats-ghost': 0.8055989540335862, 'invaders-1-step-away': 0.5845498963172001, '#-of-harmless-ghosts-1-step-away': 2.2746259708397805, 'stopped': -14.311510367887799, 'eats-invader': 3.390846516342494, 'eats-food': -0.9836362856838171}), (0, 40.0, 18.024999999999999, 1.0))


10
[[   0.           80.           16.2125        0.95      ]
 [   1.          120.           17.15          0.975     ]
 [   2.           80.           17.5875        0.9875    ]
 [   3.           80.           16.2125        0.95      ]
 [   4.          360.           16.72222222    0.96388889]
 [   5.          200.           16.425         0.955     ]
 [   6.          320.           16.346875      0.953125  ]
 [   7.          160.           16.48125       0.95625   ]
 [   8.          280.           15.99642857    0.94285714]
 [   9.          120.           16.59166667    0.95833333]
 [  10.          240.           16.375         0.95416667]
 [  11.          120.           16.525         0.95833333]
 [  12.           80.           16.2375        0.95      ]
 [  13.          320.           16.1125        0.946875  ]
 [  14.           80.           15.325         0.925     ]
 [  15.           40.           17.125         0.975     ]
 [  16.           40.           17.125         0.975     ]
 [  17.           40.           16.2           0.95      ]
 [  18.           40.           13.5           0.875     ]
 [  19.           40.           12.45          0.825     ]
 [  20.           40.           16.225         0.95      ]
 [  21.           40.           15.3           0.925     ]
 [  22.           40.           13.5           0.875     ]
 [  23.           40.           17.125         0.975     ]
 [  24.           40.           16.225         0.95      ]
 [  25.           40.           13.525         0.875     ]
 [  26.           40.          -18.            0.        ]
 [  27.           40.           15.3           0.925     ]
 [  28.           40.          -18.            0.        ]
 [  29.           40.           16.2           0.95      ]]
(({'teammateDist': 3.3761079567619547, 'closest-food': -2.6280352741816992, 'eats-capsules': 6.593430639360501, '#-of-dangerous-ghosts-1-step-away': -2.3459170830834624, 'eats-ghost': 1.9059088056904336, 'invaders-1-step-away': 2.690761213319958, '#-of-harmless-ghosts-1-step-away': -1.565130851247099, 'stopped': -7.001084321627988, 'eats-invader': 8.979518901600446, 'eats-food': 3.7323478303738806}, {'teammateDist': 4.048085933088321, 'closest-food': -5.6886988385815584, 'eats-capsules': 12.928731080503757, '#-of-dangerous-ghosts-1-step-away': -4.657236518678868, 'eats-ghost': -1.3754158418411782, 'invaders-1-step-away': 0.5965365669586277, '#-of-harmless-ghosts-1-step-away': 2.774048461174357, 'stopped': -12.306477341965241, 'eats-invader': 4.440028520518945, 'eats-food': -0.5439498549231447}), (0, 80.0, 17.587499999999999, 0.98750000000000004))


11
[[   0.          120.           16.825         0.96666667]
 [   1.          160.           17.3625        0.98125   ]
 [   2.           80.           15.775         0.9375    ]
 [   3.           80.           16.225         0.95      ]
 [   4.           80.           16.225         0.95      ]
 [   5.          400.           16.8525        0.9675    ]
 [   6.          160.           16.05          0.94375   ]
 [   7.          160.           15.99375       0.94375   ]
 [   8.          200.           16.605         0.96      ]
 [   9.          240.           16.3875        0.95416667]
 [  10.          280.           16.35714286    0.95357143]
 [  11.          360.           16.23611111    0.95      ]
 [  12.          120.           15.94166667    0.94166667]
 [  13.           80.           16.7           0.9625    ]
 [  14.           80.           16.225         0.95      ]
 [  15.           40.           16.225         0.95      ]
 [  16.           40.           16.275         0.95      ]
 [  17.           40.           16.225         0.95      ]
 [  18.           40.           16.2           0.95      ]
 [  19.           40.          -18.            0.        ]
 [  20.           40.          -17.575         0.        ]
 [  21.           40.           16.275         0.95      ]
 [  22.           40.           14.4           0.9       ]
 [  23.           40.           18.025         1.        ]
 [  24.           40.           18.            1.        ]
 [  25.           40.          -18.            0.        ]
 [  26.           40.           14.4           0.9       ]
 [  27.           40.            5.8           0.65      ]
 [  28.           40.           14.4           0.9       ]
 [  29.           40.           15.3           0.925     ]]
(({'teammateDist': 4.1500782422544304, 'closest-food': -2.2962426218545664, 'eats-capsules': 6.088541273017656, '#-of-dangerous-ghosts-1-step-away': -3.0826980597489033, 'eats-ghost': 2.0712765088834977, 'invaders-1-step-away': 1.6855367283362859, '#-of-harmless-ghosts-1-step-away': -1.56677122242457, 'stopped': -8.02982673520865, 'eats-invader': 10.13842997354564, 'eats-food': 3.0516063594986713}, {'teammateDist': 3.286602938996913, 'closest-food': -2.6810575753618586, 'eats-capsules': 12.150142512430914, '#-of-dangerous-ghosts-1-step-away': -6.160972758589201, 'eats-ghost': -0.5971700018557906, 'invaders-1-step-away': 1.0110158875450665, '#-of-harmless-ghosts-1-step-away': 1.870106732589729, 'stopped': -12.927191262277791, 'eats-invader': 3.200222879087062, 'eats-food': 0.08645106626656213}), (0, 40.0, 18.024999999999999, 1.0))


12
[[   0.           80.           17.1125        0.975     ]
 [   1.           80.           18.            1.        ]
 [   2.          200.           16.78          0.965     ]
 [   3.          440.           16.55          0.95909091]
 [   4.          160.           16.68125       0.9625    ]
 [   5.          120.           16.54166667    0.95833333]
 [   6.          240.           16.3875        0.95416667]
 [   7.          280.           16.48928571    0.95714286]
 [   8.          320.           16.115625      0.946875  ]
 [   9.           80.           15.8125        0.9375    ]
 [  10.           80.           16.7125        0.9625    ]
 [  11.          400.           16.1425        0.9475    ]
 [  12.          120.           15.91666667    0.94166667]
 [  13.          120.           16.51666667    0.95833333]
 [  14.          120.           16.55          0.95833333]
 [  15.           40.           15.3           0.925     ]
 [  16.           40.           14.4           0.9       ]
 [  17.           40.           16.25          0.95      ]
 [  18.           40.          -18.            0.        ]
 [  19.           40.           17.1           0.975     ]
 [  20.           40.           18.025         1.        ]
 [  21.           40.           16.225         0.95      ]
 [  22.           40.           16.2           0.95      ]
 [  23.           40.           18.025         1.        ]
 [  24.           40.           18.075         1.        ]
 [  25.           40.           15.375         0.925     ]
 [  26.           40.           18.025         1.        ]
 [  27.           40.           15.325         0.925     ]
 [  28.           40.          -18.            0.        ]
 [  29.           40.           16.25          0.95      ]]
(({'teammateDist': 5.236579339968374, 'closest-food': -3.9899305326286383, 'eats-capsules': 5.797791952739143, '#-of-dangerous-ghosts-1-step-away': -3.341696767860263, 'eats-ghost': -0.6304817154364553, 'invaders-1-step-away': 1.455931683110446, '#-of-harmless-ghosts-1-step-away': -3.366751671969971, 'stopped': -6.397147115318839, 'eats-invader': 9.701653955395205, 'eats-food': 1.5211123146906491}, {'teammateDist': 8.698647146428518, 'closest-food': -5.8217621624236084, 'eats-capsules': 8.116043321050036, '#-of-dangerous-ghosts-1-step-away': -6.117787537331026, 'eats-ghost': -3.071286241893551, 'invaders-1-step-away': 1.4046420722917616, '#-of-harmless-ghosts-1-step-away': 4.823556799691448, 'stopped': -14.296625453310666, 'eats-invader': 5.938776308271997, 'eats-food': -0.6776594009041159}), (0, 40.0, 18.074999999999999, 1.0))


13
[[  0.00000000e+00   8.00000000e+01   1.71500000e+01   9.75000000e-01]
 [  1.00000000e+00   8.00000000e+01   1.75750000e+01   9.87500000e-01]
 [  2.00000000e+00   8.00000000e+01   1.66875000e+01   9.62500000e-01]
 [  3.00000000e+00   8.00000000e+01   1.66750000e+01   9.62500000e-01]
 [  4.00000000e+00   1.20000000e+02   1.80000000e+01   1.00000000e+00]
 [  5.00000000e+00   1.20000000e+02   1.59250000e+01   9.41666667e-01]
 [  6.00000000e+00   8.00000000e+01   1.66500000e+01   9.62500000e-01]
 [  7.00000000e+00   2.40000000e+02   1.66875000e+01   9.62500000e-01]
 [  8.00000000e+00   1.20000000e+02   1.53416667e+01   9.25000000e-01]
 [  9.00000000e+00   2.00000000e+02   1.65900000e+01   9.60000000e-01]
 [  1.00000000e+01   4.80000000e+02   1.65958333e+01   9.60416667e-01]
 [  1.10000000e+01   1.60000000e+02   1.62500000e+01   9.50000000e-01]
 [  1.20000000e+01   1.60000000e+02   1.60062500e+01   9.43750000e-01]
 [  1.30000000e+01   1.60000000e+02   1.66687500e+01   9.62500000e-01]
 [  1.40000000e+01   3.20000000e+02   1.66875000e+01   9.62500000e-01]
 [  1.50000000e+01   4.00000000e+01  -1.80000000e+01   0.00000000e+00]
 [  1.60000000e+01   4.00000000e+01   1.80500000e+01   1.00000000e+00]
 [  1.70000000e+01   4.00000000e+01   1.71250000e+01   9.75000000e-01]
 [  1.80000000e+01   4.00000000e+01   1.53000000e+01   9.25000000e-01]
 [  1.90000000e+01   4.00000000e+01   1.62000000e+01   9.50000000e-01]
 [  2.00000000e+01   4.00000000e+01   1.71000000e+01   9.75000000e-01]
 [  2.10000000e+01   4.00000000e+01   1.62000000e+01   9.50000000e-01]
 [  2.20000000e+01   4.00000000e+01   1.53250000e+01   9.25000000e-01]
 [  2.30000000e+01   4.00000000e+01   1.71250000e+01   9.75000000e-01]
 [  2.40000000e+01   4.00000000e+01   1.53250000e+01   9.25000000e-01]
 [  2.50000000e+01   4.00000000e+01  -1.75500000e+01   0.00000000e+00]
 [  2.60000000e+01   4.00000000e+01   3.22500000e+00   5.75000000e-01]
 [  2.70000000e+01   4.00000000e+01   1.44250000e+01   9.00000000e-01]
 [  2.80000000e+01   4.00000000e+01   1.16250000e+01   8.25000000e-01]
 [  2.90000000e+01   4.00000000e+01  -6.25000000e-01   4.50000000e-01]]
(({'teammateDist': 2.695001055430035, 'closest-food': -5.662056294858818, 'eats-capsules': 5.602638630873151, '#-of-dangerous-ghosts-1-step-away': -3.0087436582374165, 'eats-ghost': 1.560921066870312, 'invaders-1-step-away': 2.2631197604189084, '#-of-harmless-ghosts-1-step-away': -2.807688772297457, 'stopped': -7.184002475670968, 'eats-invader': 11.69704577757458, 'eats-food': 0.6121888740537111}, {'teammateDist': 6.022712658433562, 'closest-food': -7.565350612868748, 'eats-capsules': 10.397050473568921, '#-of-dangerous-ghosts-1-step-away': -3.887403470224916, 'eats-ghost': -2.4982960660421245, 'invaders-1-step-away': 0.9371143763177943, '#-of-harmless-ghosts-1-step-away': 5.617089210549496, 'stopped': -16.843423353526674, 'eats-invader': 5.871984547683215, 'eats-food': -2.1548741206239415}), (0, 40.0, 18.050000000000001, 1.0))


14
[[   0.           80.           17.6           0.9875    ]
 [   1.          160.           18.            1.        ]
 [   2.          120.           17.11666667    0.975     ]
 [   3.          120.           16.53333333    0.95833333]
 [   4.           80.           17.1375        0.975     ]
 [   5.           80.           16.675         0.9625    ]
 [   6.           80.           16.65          0.9625    ]
 [   7.          120.           16.85833333    0.96666667]
 [   8.          280.           16.75714286    0.96428571]
 [   9.          360.           16.53611111    0.95833333]
 [  10.          120.           16.225         0.95      ]
 [  11.          200.           16.76          0.965     ]
 [  12.          120.           16.8           0.96666667]
 [  13.          520.           16.35961538    0.95384615]
 [  14.          240.           16.5375        0.95833333]
 [  15.           40.          -18.            0.        ]
 [  16.           40.           16.2           0.95      ]
 [  17.           40.           16.25          0.95      ]
 [  18.           40.           17.15          0.975     ]
 [  19.           40.           15.3           0.925     ]
 [  20.           40.           12.625         0.85      ]
 [  21.           40.           18.            1.        ]
 [  22.           40.            4.            0.6       ]
 [  23.           40.           14.85          0.9       ]
 [  24.           40.           18.075         1.        ]
 [  25.           40.           17.175         0.975     ]
 [  26.           40.          -18.            0.        ]
 [  27.           40.           15.775         0.925     ]
 [  28.           40.          -17.55          0.        ]
 [  29.           40.           16.225         0.95      ]]
(({'teammateDist': 4.047670003199858, 'closest-food': -6.633006035855816, 'eats-capsules': 5.377376961408544, '#-of-dangerous-ghosts-1-step-away': -1.8624974867913318, 'eats-ghost': 0.30320795970458336, 'invaders-1-step-away': 1.4513511688093366, '#-of-harmless-ghosts-1-step-away': -0.6825855864551725, 'stopped': -6.974560344120031, 'eats-invader': 8.823823141341043, 'eats-food': 2.37352814395136}, {'teammateDist': 3.746597725561213, 'closest-food': -6.602809460159562, 'eats-capsules': 9.559558956929033, '#-of-dangerous-ghosts-1-step-away': -6.684696344381688, 'eats-ghost': -2.2628968403243874, 'invaders-1-step-away': 1.8388611534175816, '#-of-harmless-ghosts-1-step-away': 3.3338733580213584, 'stopped': -16.360717925545845, 'eats-invader': 4.974222212565815, 'eats-food': -1.6044875441595718}), (0, 40.0, 18.074999999999999, 1.0))


15
[[   0.           80.           16.6875        0.9625    ]
 [   1.          200.           18.            1.        ]
 [   2.           80.           18.            1.        ]
 [   3.          120.           16.85          0.96666667]
 [   4.           80.           17.1375        0.975     ]
 [   5.           80.           16.675         0.9625    ]
 [   6.          120.           16.83333333    0.96666667]
 [   7.          160.           16.8875        0.96875   ]
 [   8.          160.           16.7           0.9625    ]
 [   9.          160.           16.65          0.9625    ]
 [  10.          240.           16.51666667    0.95833333]
 [  11.          320.           16.9125        0.96875   ]
 [  12.          120.           15.31666667    0.925     ]
 [  13.          120.           15.6           0.93333333]
 [  14.          280.           16.23571429    0.95      ]
 [  15.           40.           14.4           0.9       ]
 [  16.           40.           15.325         0.925     ]
 [  17.           40.           14.4           0.9       ]
 [  18.           40.           13.525         0.875     ]
 [  19.           40.           14.425         0.9       ]
 [  20.           40.           17.125         0.975     ]
 [  21.           40.           14.4           0.9       ]
 [  22.           40.           16.2           0.95      ]
 [  23.           40.           15.375         0.925     ]
 [  24.           40.           14.4           0.9       ]
 [  25.           40.          -18.            0.        ]
 [  26.           40.           14.425         0.9       ]
 [  27.           40.           16.225         0.95      ]
 [  28.           40.           10.875         0.8       ]
 [  29.           40.           13.525         0.875     ]]
(({'teammateDist': 4.194330087863693, 'closest-food': -4.542780932555895, 'eats-capsules': 4.36699040855961, '#-of-dangerous-ghosts-1-step-away': -1.213524627718394, 'eats-ghost': 1.8779111664875483, 'invaders-1-step-away': 0.016256701411800467, '#-of-harmless-ghosts-1-step-away': -2.112397982585541, 'stopped': -10.016134801388748, 'eats-invader': 10.672277359871996, 'eats-food': 2.007714754533258}, {'teammateDist': 2.7616129475787803, 'closest-food': -6.34089184938779, 'eats-capsules': 11.224762976653109, '#-of-dangerous-ghosts-1-step-away': -2.8038067666001965, 'eats-ghost': -0.8808169242759187, 'invaders-1-step-away': 1.345931798887575, '#-of-harmless-ghosts-1-step-away': 4.1357164671898685, 'stopped': -15.681689977660952, 'eats-invader': 6.263093277373304, 'eats-food': -2.0651675890647927}), (0, 200.0, 18.0, 1.0))


16
[[   0.          240.           18.            1.        ]
 [   1.          120.           18.            1.        ]
 [   2.          120.           17.13333333    0.975     ]
 [   3.           80.           16.6625        0.9625    ]
 [   4.          360.           16.83611111    0.96666667]
 [   5.          200.           16.76          0.965     ]
 [   6.          160.           17.15          0.975     ]
 [   7.          160.           16.4625        0.95625   ]
 [   8.          200.           16.785         0.965     ]
 [   9.          120.           17.13333333    0.975     ]
 [  10.          120.           15.925         0.94166667]
 [  11.          200.           16.74          0.965     ]
 [  12.          280.           16.22142857    0.95      ]
 [  13.          320.           16.34375       0.953125  ]
 [  14.           80.           16.25          0.95      ]
 [  15.           40.           10.8           0.8       ]
 [  16.           40.           12.8           0.875     ]
 [  17.           40.           15.3           0.925     ]
 [  18.           40.           14.4           0.9       ]
 [  19.           40.           13.525         0.875     ]
 [  20.           40.           14.4           0.9       ]
 [  21.           40.           14.425         0.9       ]
 [  22.           40.           16.25          0.95      ]
 [  23.           40.           15.375         0.925     ]
 [  24.           40.           16.25          0.95      ]
 [  25.           40.           16.275         0.95      ]
 [  26.           40.           15.325         0.925     ]
 [  27.           40.           16.225         0.95      ]
 [  28.           40.            6.55          0.675     ]
 [  29.           40.          -18.            0.        ]]
(({'teammateDist': 4.194330087863693, 'closest-food': -4.542780932555895, 'eats-capsules': 4.36699040855961, '#-of-dangerous-ghosts-1-step-away': -1.213524627718394, 'eats-ghost': 1.8779111664875483, 'invaders-1-step-away': 0.016256701411800467, '#-of-harmless-ghosts-1-step-away': -2.112397982585541, 'stopped': -10.016134801388748, 'eats-invader': 10.672277359871996, 'eats-food': 2.007714754533258}, {'teammateDist': 2.7616129475787803, 'closest-food': -6.34089184938779, 'eats-capsules': 11.224762976653109, '#-of-dangerous-ghosts-1-step-away': -2.8038067666001965, 'eats-ghost': -0.8808169242759187, 'invaders-1-step-away': 1.345931798887575, '#-of-harmless-ghosts-1-step-away': 4.1357164671898685, 'stopped': -15.681689977660952, 'eats-invader': 6.263093277373304, 'eats-food': -2.0651675890647927}), (0, 240.0, 18.0, 1.0))


17
[[   0.          280.           18.            1.        ]
 [   1.          160.           18.            1.        ]
 [   2.          200.           16.965         0.97      ]
 [   3.          160.           16.225         0.95      ]
 [   4.          160.           16.90625       0.96875   ]
 [   5.          400.           16.7725        0.965     ]
 [   6.          240.           16.69166667    0.9625    ]
 [   7.          240.           16.67916667    0.9625    ]
 [   8.          240.           16.8           0.96666667]
 [   9.          120.           15.94166667    0.94166667]
 [  10.          200.           16.59          0.96      ]
 [  11.          360.           16.22777778    0.95      ]
 [  12.           80.           17.175         0.975     ]
 [  13.          120.           16.25833333    0.95      ]
 [  14.           80.           14.8875        0.9125    ]
 [  15.           40.           16.25          0.95      ]
 [  16.           40.           16.25          0.95      ]
 [  17.           40.           18.            1.        ]
 [  18.           40.           13.5           0.875     ]
 [  19.           40.            4.55          0.625     ]
 [  20.           40.           18.            1.        ]
 [  21.           40.          -18.025         0.        ]
 [  22.           40.           11.25          0.825     ]
 [  23.           40.           13.5           0.875     ]
 [  24.           40.           13.5           0.875     ]
 [  25.           40.           15.325         0.925     ]
 [  26.           40.           14.4           0.9       ]
 [  27.           40.           16.2           0.95      ]
 [  28.           40.           16.2           0.95      ]
 [  29.           40.           17.1           0.975     ]]
(({'teammateDist': 4.194330087863693, 'closest-food': -4.542780932555895, 'eats-capsules': 4.36699040855961, '#-of-dangerous-ghosts-1-step-away': -1.213524627718394, 'eats-ghost': 1.8779111664875483, 'invaders-1-step-away': 0.016256701411800467, '#-of-harmless-ghosts-1-step-away': -2.112397982585541, 'stopped': -10.016134801388748, 'eats-invader': 10.672277359871996, 'eats-food': 2.007714754533258}, {'teammateDist': 2.7616129475787803, 'closest-food': -6.34089184938779, 'eats-capsules': 11.224762976653109, '#-of-dangerous-ghosts-1-step-away': -2.8038067666001965, 'eats-ghost': -0.8808169242759187, 'invaders-1-step-away': 1.345931798887575, '#-of-harmless-ghosts-1-step-away': 4.1357164671898685, 'stopped': -15.681689977660952, 'eats-invader': 6.263093277373304, 'eats-food': -2.0651675890647927}), (0, 280.0, 18.0, 1.0))


18
[[   0.          320.           18.            1.        ]
 [   1.          200.           17.82          0.995     ]
 [   2.           80.           17.5625        0.9875    ]
 [   3.           80.           16.65          0.9625    ]
 [   4.          120.           16.55833333    0.95833333]
 [   5.           80.           14.85          0.9125    ]
 [   6.          240.           16.69166667    0.9625    ]
 [   7.          200.           16.585         0.96      ]
 [   8.          280.           16.58571429    0.96071429]
 [   9.          440.           16.64318182    0.96136364]
 [  10.          280.           16.62142857    0.96071429]
 [  11.          280.           16.48214286    0.95714286]
 [  12.          240.           16.53333333    0.95833333]
 [  13.          160.           16.01875       0.94375   ]
 [  14.           80.           15.7875        0.9375    ]
 [  15.           40.           14.425         0.9       ]
 [  16.           40.           17.1           0.975     ]
 [  17.           40.          -18.025         0.        ]
 [  18.           40.           16.2           0.95      ]
 [  19.           40.           12.6           0.85      ]
 [  20.           40.           18.025         1.        ]
 [  21.           40.          -18.            0.        ]
 [  22.           40.           -1.025         0.45      ]
 [  23.           40.           17.1           0.975     ]
 [  24.           40.           15.3           0.925     ]
 [  25.           40.           16.225         0.95      ]
 [  26.           40.           17.1           0.975     ]
 [  27.           40.           16.225         0.95      ]
 [  28.           40.           17.175         0.975     ]
 [  29.           40.           13.425         0.875     ]]
(({'teammateDist': 4.1979109646207355, 'closest-food': -3.9416579694392024, 'eats-capsules': 15.02262280696778, '#-of-dangerous-ghosts-1-step-away': -7.311692721162717, 'eats-ghost': 10.176183187693729, 'invaders-1-step-away': 2.9548272188190703, '#-of-harmless-ghosts-1-step-away': -0.49820810261850307, 'stopped': -6.869199967510385, 'eats-invader': 10.19163256492592, 'eats-food': 2.2735550312280837}, {'teammateDist': 4.533478293455937, 'closest-food': 3.909330162863445, 'eats-capsules': 4.653806821867034, '#-of-dangerous-ghosts-1-step-away': -8.056997308625505, 'eats-ghost': 5.054553382085201, 'invaders-1-step-away': -4.066450262906534, '#-of-harmless-ghosts-1-step-away': 0.8897835365475524, 'stopped': -3.345966285454128, 'eats-invader': 15.103258525400012, 'eats-food': -3.204728434732748}), (0, 40.0, 18.024999999999999, 1.0))


19
[[  0.00000000e+00   8.00000000e+01   1.44250000e+01   9.00000000e-01]
 [  1.00000000e+00   3.60000000e+02   1.80000000e+01   1.00000000e+00]
 [  2.00000000e+00   2.40000000e+02   1.78500000e+01   9.95833333e-01]
 [  3.00000000e+00   1.20000000e+02   1.68166667e+01   9.66666667e-01]
 [  4.00000000e+00   8.00000000e+01   1.57875000e+01   9.37500000e-01]
 [  5.00000000e+00   8.00000000e+01   1.62000000e+01   9.50000000e-01]
 [  6.00000000e+00   8.00000000e+01   1.66500000e+01   9.62500000e-01]
 [  7.00000000e+00   8.00000000e+01   1.62125000e+01   9.50000000e-01]
 [  8.00000000e+00   2.80000000e+02   1.66214286e+01   9.60714286e-01]
 [  9.00000000e+00   1.20000000e+02   1.65333333e+01   9.58333333e-01]
 [  1.00000000e+01   4.80000000e+02   1.66062500e+01   9.60416667e-01]
 [  1.10000000e+01   3.20000000e+02   1.64593750e+01   9.56250000e-01]
 [  1.20000000e+01   3.20000000e+02   1.65375000e+01   9.59375000e-01]
 [  1.30000000e+01   2.40000000e+02   1.60750000e+01   9.45833333e-01]
 [  1.40000000e+01   1.60000000e+02   1.64750000e+01   9.56250000e-01]
 [  1.50000000e+01   4.00000000e+01   1.71250000e+01   9.75000000e-01]
 [  1.60000000e+01   4.00000000e+01   1.62000000e+01   9.50000000e-01]
 [  1.70000000e+01   4.00000000e+01   1.16250000e+01   8.25000000e-01]
 [  1.80000000e+01   4.00000000e+01  -8.05000000e+00   3.00000000e-01]
 [  1.90000000e+01   4.00000000e+01   1.62000000e+01   9.50000000e-01]
 [  2.00000000e+01   4.00000000e+01   1.13250000e+01   8.25000000e-01]
 [  2.10000000e+01   4.00000000e+01  -1.72000000e+01   2.50000000e-02]
 [  2.20000000e+01   4.00000000e+01   1.71000000e+01   9.75000000e-01]
 [  2.30000000e+01   4.00000000e+01  -1.80000000e+01   0.00000000e+00]
 [  2.40000000e+01   4.00000000e+01   1.62500000e+01   9.50000000e-01]
 [  2.50000000e+01   4.00000000e+01   1.71750000e+01   9.75000000e-01]
 [  2.60000000e+01   4.00000000e+01   1.62000000e+01   9.50000000e-01]
 [  2.70000000e+01   4.00000000e+01   1.26000000e+01   8.50000000e-01]
 [  2.80000000e+01   4.00000000e+01   2.47500000e+00   5.50000000e-01]
 [  2.90000000e+01   4.00000000e+01   1.44500000e+01   9.00000000e-01]]
(({'teammateDist': 4.194330087863693, 'closest-food': -4.542780932555895, 'eats-capsules': 4.36699040855961, '#-of-dangerous-ghosts-1-step-away': -1.213524627718394, 'eats-ghost': 1.8779111664875483, 'invaders-1-step-away': 0.016256701411800467, '#-of-harmless-ghosts-1-step-away': -2.112397982585541, 'stopped': -10.016134801388748, 'eats-invader': 10.672277359871996, 'eats-food': 2.007714754533258}, {'teammateDist': 2.7616129475787803, 'closest-food': -6.34089184938779, 'eats-capsules': 11.224762976653109, '#-of-dangerous-ghosts-1-step-away': -2.8038067666001965, 'eats-ghost': -0.8808169242759187, 'invaders-1-step-away': 1.345931798887575, '#-of-harmless-ghosts-1-step-away': 4.1357164671898685, 'stopped': -15.681689977660952, 'eats-invader': 6.263093277373304, 'eats-food': -2.0651675890647927}), (0, 360.0, 18.0, 1.0))


