[ 7.1  7.1  2.   7.1  7.1  7.1  7.1  7.1  7.1  7.1  7.1  7.1  2.   7.1  7.1
  7.1  7.1  7.1  7.1  7.1  7.1  7.1  7.1  7.1  7.1  7.1  7.1  7.1  7.1  7.1]


[  7.1    7.1    7.1    7.1    7.1    7.1    7.1    7.1    7.1    7.1    7.1
   7.1    7.1    7.1    7.1    7.1    7.1  -16.95   7.1    7.1  -18.05
   7.1    7.1  -18.     3.55 -18.     7.1  -18.   -17.1  -18.  ]


[  7.1    7.1    7.1    7.1    7.1    7.1    7.1    7.1    7.1    7.1    7.1
   7.1    7.1    7.1    7.1  -18.     7.1    7.1  -18.05   7.1  -18.     7.1
 -17.8  -16.2    2.   -18.   -16.2    7.1    7.1  -18.  ]


[  7.1    7.1    7.1    7.1    7.1    7.1    7.1    7.1    7.1    7.1    7.1
   7.1    7.1    7.1    7.1    7.1  -17.1  -18.   -18.05   7.1  -18.05
 -18.05 -17.8  -18.   -18.05   7.1    7.1  -18.    -3.4  -18.  ]


[  7.1    7.1    7.1    7.1    7.1    7.1    7.1    7.1    7.1    7.1    7.1
   7.1    7.1    7.1    7.1  -16.9    7.1  -18.     7.1    7.1  -18.05
   7.1  -18.05 -18.05   3.55   7.1  -16.2  -18.   -16.2  -18.  ]


[  7.1   7.1   7.1   7.1   7.1   7.1   7.1   7.1   7.1   7.1   7.1   7.1
   7.1   7.1   7.1  -3.4   7.1   7.1 -17.8   7.1 -18.    7.1   7.1 -18.
  -3.3   7.1 -18.  -18.    7.1   2. ]


[  7.1    7.1    7.1    7.1    7.1    7.1    7.1    7.1    7.1    7.1    7.1
   7.1    7.1    7.1    7.1    7.1    7.1    7.1  -18.05   7.1  -18.   -18.05
   7.1  -18.05   7.1  -16.2    7.1   -3.3    7.1   -3.3 ]


[  7.1    7.1    7.1    7.1    7.1    7.1    7.1    7.1    7.1    7.1    7.1
   7.1    7.1    7.1    7.1    7.1  -17.1    7.1  -18.05   7.1  -18.     7.1
 -18.   -18.     7.1    7.1  -16.2  -18.    -3.4   -3.3 ]


[  7.1    7.1    7.1    7.1    7.1    7.1    7.1    7.1    7.1    7.1    7.1
   7.1    7.1    7.1    7.1    7.1    7.1    7.1  -18.05   2.   -18.   -18.05
   7.1    2.3  -16.2  -16.2    7.1    7.1    7.1   -3.3 ]


[  7.1    7.1    7.1    7.1    7.1    7.1    7.1    7.1    7.1    7.1    7.1
   7.1    7.1    7.1    7.1  -18.05   7.1    7.1    7.1    3.55   7.1
 -18.05 -17.85 -18.05   7.1  -17.1    7.1  -18.     7.1  -18.  ]


[  7.1    7.1    7.1    7.1    7.1    7.1    7.1    7.1    7.1    7.1    7.1
   7.1    7.1    7.1    7.1    7.1  -17.1  -18.   -18.05 -18.     7.1
 -18.05 -17.8  -18.     7.1  -18.     7.1  -16.25   7.1  -16.2 ]


[  7.1    7.1    7.1    7.1    7.1    7.1    7.1    7.1    7.1    7.1    7.1
   7.1    7.1    7.1    7.1    7.1  -17.95 -18.05 -16.95 -18.   -18.     7.1
 -18.     7.1    7.1  -16.2  -18.   -17.1    7.1   -3.3 ]


[  7.1    7.1    7.1    7.1    7.1    7.1    7.1    7.1    7.1    7.1    7.1
   7.1    7.1    7.1    7.1    7.1    7.1    7.1  -18.05   7.1  -18.   -18.05
 -17.8  -16.2  -16.2  -18.   -18.   -18.05 -18.   -18.  ]


[  7.1    7.1    7.1    7.1    7.1    7.1    7.1    7.1    7.1    7.1    7.1
   7.1    7.1    7.1    7.1    7.1    7.1    7.1  -17.8    7.1  -18.     7.1
 -18.     7.1  -18.05 -18.05   7.1  -18.     7.1  -16.2 ]


[  7.1    7.1    7.1    7.1    7.1    7.1    7.1    7.1    7.1    7.1    7.1
   7.1    7.1    7.1    7.1  -17.1  -17.1  -18.05  -3.3    7.1  -18.05 -18.
 -18.   -16.2  -17.1  -18.   -18.05 -18.    -1.85  -3.3 ]


[  7.1    7.1    7.1    7.1    7.1    7.1    7.1    7.1    7.1    7.1    7.1
   7.1    7.1    7.1    7.1    7.1    7.1    7.1    7.1    7.1  -17.1    4.9
   7.1  -18.05   7.1    7.1  -16.2  -18.     7.1    7.1 ]


[  7.1    7.1    7.1    7.1    7.1    7.1    7.1    7.1    7.1    7.1    7.1
   7.1    7.1    7.1    7.1  -18.     7.1    7.1  -16.95   7.1    7.1  -18.
 -18.   -18.05   2.   -18.   -18.   -18.   -16.2   -3.3 ]


[  7.1    7.1    7.1    7.1    7.1    7.1    7.1    7.1    7.1    7.1    7.1
   7.1    7.1    7.1    7.1   -3.4    7.1    7.1    7.1    7.1  -18.   -18.05
 -18.   -18.05 -15.8  -18.   -16.2    7.1  -18.05 -18.05]


[  7.1    7.1    7.1    7.1    7.1    7.1    7.1    7.1    7.1    7.1    7.1
   7.1    7.1    7.1    7.1    7.1    7.1  -16.95   7.1    7.1  -18.05
   7.1    7.1  -18.   -16.2  -18.   -18.     7.1    7.1  -18.  ]


[  7.1    7.1    7.1    7.1    7.1    7.1    7.1    7.1    7.1    7.1    7.1
   7.1    7.1    7.1    7.1    7.1  -18.05   7.1  -18.05 -17.1  -18.05
  -3.3  -17.8   -3.3    7.1  -18.     7.1    7.1  -16.2    7.1 ]


[  7.1   7.1   7.1   7.1   7.1   7.1   7.1   7.1   7.1   7.1   7.1   7.1
   7.1   7.1   7.1   7.1   7.1   7.1   7.1   7.1 -18.   -3.3 -18.  -18.
   7.1 -18.  -18.    7.1   7.1  -3.3]


[  7.1    7.1    7.1    7.1    7.1    7.1    7.1    7.1    7.1    7.1    7.1
   7.1    7.1    7.1    7.1    7.1    7.1    7.1   -3.3    7.1  -18.     7.1
   7.1   -3.3    2.     7.1    7.1  -18.   -18.05   2.  ]


[  7.1    7.1    7.1    7.1    7.1    7.1    7.1    7.1    7.1    7.1    7.1
   7.1    7.1    7.1    7.1  -18.05   7.1    7.1  -18.05   7.1  -18.     7.1
   7.1   -3.4  -18.05 -18.     7.1    7.1    7.1  -16.2 ]


[  7.1    7.1    7.1    7.1    7.1    7.1    7.1    7.1    7.1    7.1    7.1
   7.1    7.1    7.1    7.1    7.1  -17.95   7.1    7.1    7.1  -18.   -18.05
   1.9  -18.     7.1    2.     7.1  -17.1    7.1  -18.  ]


[  7.1    7.1    7.1    7.1    7.1    7.1    7.1    7.1    7.1    7.1    7.1
   7.1    7.1    7.1    7.1  -17.1    7.1    7.1    7.1    2.   -18.05
   7.1  -18.   -18.     2.     7.1    7.1   -3.3  -16.95   7.1 ]


[  7.1    7.1    7.1    7.1    7.1    7.1    7.1    7.1    7.1    7.1    7.1
   7.1    7.1    7.1    7.1  -17.1    7.1  -17.1  -18.05   7.1  -18.     7.1
 -16.2  -18.     7.1  -18.   -18.     7.1  -16.95 -14.95]


[  7.1    7.1    7.1    7.1    7.1    7.1    7.1    7.1    7.1    7.1    7.1
   7.1    7.1    7.1    7.1  -18.     7.1    7.1   -3.3   -3.3  -18.05
 -18.05   7.1  -18.   -16.2  -18.     7.1  -18.     7.1  -18.  ]


[  7.1    7.1    7.1    7.1    7.1    7.1    7.1    7.1    7.1    7.1    7.1
   7.1    7.1    7.1    7.1    7.1    7.1    7.1  -18.05   7.1  -18.     7.1
   7.1  -18.05 -16.2  -18.   -18.05   7.1    7.1  -18.  ]


[  7.1   7.1   7.1   7.1   7.1   7.1   7.1   7.1   7.1   7.1   7.1   7.1
   7.1   7.1   7.1   7.1   7.1   7.1 -18.    7.1 -18.    7.1 -16.2  -3.3
 -16.2 -18.  -18.  -18.   -3.4  -3.3]


[  7.1    7.1    7.1    7.1    7.1    7.1    7.1    7.1    7.1    7.1    7.1
   7.1    7.1    7.1    7.1    7.1  -18.     7.1  -18.     7.1    7.1
 -17.95 -18.   -17.95  -3.3  -18.     7.1    7.1    7.1  -18.  ]


[  7.1    7.1    7.1    7.1    7.1    7.1    7.1    7.1    7.1    7.1    7.1
   7.1    7.1    7.1    7.1    7.1    7.1  -18.05 -18.05   7.1  -18.05 -18.
   7.1  -18.   -16.2  -16.2    7.1    7.1    7.1  -17.8 ]


[  7.1    7.1    7.1    7.1    7.1    7.1    7.1    7.1    7.1    7.1    7.1
   7.1    7.1    7.1    7.1    7.1    7.1  -18.05   7.1    7.1  -18.05
   7.1  -18.   -16.2    7.1  -18.   -18.     7.1  -18.05 -16.2 ]


[  7.1    7.1    7.1    7.1    7.1    7.1    7.1    7.1    7.1    7.1    7.1
   7.1    7.1    7.1    7.1    7.1    7.1  -18.05 -16.2    7.1  -18.   -17.1
 -18.   -18.     7.1  -18.     7.1  -18.     7.1  -18.  ]


[  7.1    7.1    7.1    7.1    7.1    7.1    7.1    7.1    7.1    7.1    7.1
   7.1    7.1    7.1    7.1    7.1    7.1    7.1  -18.05   7.1  -18.   -18.05
 -16.2    7.1    2.   -18.   -18.   -17.1  -16.95 -16.2 ]


[  7.1    7.1    7.1    7.1    7.1    7.1    7.1    7.1    7.1    7.1    7.1
   7.1    7.1    7.1    7.1  -17.1    7.1    7.1    7.1    7.1  -18.05
 -17.95 -16.2   -3.3   -3.3  -18.   -18.   -18.     7.1  -18.05]


[  7.1   7.1   7.1   7.1   7.1   7.1   7.1   7.1   7.1   7.1   7.1   7.1
   7.1   7.1   7.1   7.1   7.1   7.1  -3.3   7.1 -18.    7.1 -18.   -3.4
   2.    7.1 -18.  -18.    7.1 -16.2]


[  7.1    7.1    7.1    7.1    7.1    7.1    7.1    7.1    7.1    7.1    7.1
   7.1    7.1    7.1    7.1  -18.   -17.1    7.1  -18.05   7.1   -3.3    4.9
   7.1  -18.   -16.2  -18.     7.1    7.1    7.1  -16.2 ]


[  7.1    7.1    7.1    7.1    7.1    7.1    7.1    7.1    7.1    7.1    7.1
   7.1    7.1    7.1    7.1    7.1    7.1    7.1   -3.3    7.1  -18.05
 -17.95 -18.   -18.    -3.3    7.1    7.1  -18.   -16.2   -3.3 ]


[  7.1    7.1    7.1    7.1    7.1    7.1    7.1    7.1    7.1    7.1    7.1
   7.1    7.1    7.1    7.1    7.1  -17.1    7.1    7.1    7.1  -18.     7.1
 -18.   -18.     7.1  -18.     7.1    7.1    7.1  -18.05]


[  7.1    7.1    7.1    7.1    7.1    7.1    7.1    7.1    7.1    7.1    7.1
   7.1    7.1    7.1    7.1  -18.05 -17.1  -18.     7.1    7.1  -18.05
   7.1  -18.   -16.2  -15.1  -16.2    7.1    7.1    7.1    7.1 ]


[  7.1    7.1    7.1    7.1    7.1    7.1    7.1    7.1    7.1    7.1    7.1
   7.1    7.1    7.1    7.1   -3.4    7.1    7.1  -18.     7.1  -18.   -18.05
 -18.     7.1    2.   -18.     7.1  -18.     7.1  -18.  ]


[  7.1    7.1    7.1    7.1    7.1    7.1    7.1    7.1    7.1    7.1    7.1
   7.1    7.1    7.1    7.1  -18.05   7.1  -18.05 -18.05 -17.1    7.1    7.1
   4.9  -18.05  -3.3    7.1    7.1  -18.     7.1  -18.  ]


[  7.1    7.1    7.1    7.1    7.1    7.1    7.1    7.1    7.1    7.1    7.1
   7.1    7.1    7.1    7.1  -18.   -18.   -18.05 -18.05 -17.1  -18.     7.1
 -17.85   7.1   -3.3  -18.   -16.2    7.1    7.1   -3.3 ]


[  7.1    7.1    7.1    7.1    7.1    7.1    7.1    7.1    7.1    7.1    7.1
   7.1    7.1    7.1    7.1    7.1    7.1  -18.05   2.   -17.1    7.1  -18.
   4.9  -18.     7.1  -16.95   7.1  -18.   -16.2  -18.  ]


[  7.1   7.1   7.1   7.1   7.1   7.1   7.1   7.1   7.1   7.1   7.1   7.1
   7.1   7.1   7.1  -3.4   7.1 -17.1   7.1   7.1 -18.    7.1 -18.  -18.
   7.1 -16.2 -16.2 -18.    7.1   7.1]


[  7.1    7.1    7.1    7.1    7.1    7.1    7.1    7.1    7.1    7.1    7.1
   7.1    7.1    7.1    7.1    7.1    7.1    7.1  -16.95   7.1    7.1
 -18.05   4.9   -3.4    2.3  -17.1  -16.2  -18.     7.1    7.1 ]


[  7.1    7.1    7.1    7.1    7.1    7.1    7.1    7.1    7.1    7.1    7.1
   7.1    7.1    7.1    7.1    7.1    7.1  -18.05 -18.05   7.1    7.1  -17.1
   1.9  -18.05   2.   -18.     7.1    7.1    7.1  -18.  ]


[  7.1    7.1    7.1    7.1    7.1    7.1    7.1    7.1    7.1    7.1    7.1
   7.1    7.1    7.1    7.1  -17.85   7.1    7.1  -16.2    7.1    7.1    7.1
   4.9  -16.2  -16.2  -16.2    7.1  -18.     7.1  -18.  ]


[  7.1    7.1    7.1    7.1    7.1    7.1    7.1    7.1    7.1    7.1    7.1
   7.1    7.1    7.1    7.1    8.15   7.1  -18.05 -17.6    7.1  -18.   -18.05
   7.1  -18.     7.1    7.1    7.1    7.1    2.   -18.05]


[  8.15   7.1    7.1    7.1    7.1    7.1    7.1    7.1    7.1    7.1    7.1
   7.1    7.1    7.1    7.1    7.1    7.1    7.1  -17.65   7.1    7.1  -18.
 -18.05   4.9  -18.   -16.2  -16.2  -18.   -18.     7.1 ]


[  8.15   7.1    7.1    7.1    7.1    7.1    7.1    7.1    7.1    7.1    7.1
   7.1    7.1    7.1    7.1  -17.95 -18.05   7.1    7.1    7.1    7.1  -18.
 -18.05 -18.05 -18.   -16.2  -16.2  -16.2  -18.    -3.4 ]


[  8.15   7.1    7.1    7.1    7.1    7.1    7.1    7.1    7.1    7.1    7.1
   7.1    7.1    7.1    7.1  -18.05 -17.1  -17.95   7.1  -18.05   7.1    7.1
   7.1  -18.     1.9  -17.95 -17.6    7.1    7.1  -18.  ]


[  8.15   7.1    7.1    7.1    7.1    7.1    7.1    7.1    7.1    7.1    7.1
   7.1    7.1    7.1    7.1  -18.05  -3.4  -17.1    7.1  -17.8    7.1
 -18.05 -18.05   7.1    7.1    7.1  -17.6   -5.35 -18.     7.1 ]


[  8.15   7.1    7.1    7.1    7.1    7.1    7.1    7.1    7.1    7.1    7.1
   7.1    7.1    7.1    7.1  -18.05  -3.4    7.1    7.1  -18.   -18.05
 -17.1    7.1    4.9  -16.2  -16.2  -18.     7.1  -18.     7.1 ]


[  8.15   7.1    7.1    7.1    7.1    7.1    7.1    7.1    7.1    7.1    7.1
   7.1    7.1    7.1    7.1  -17.1    7.1    7.1  -18.05   7.1    2.   -18.
  -3.3  -18.05 -18.     7.1  -18.   -18.     7.1    7.1 ]


[  8.15   7.1    7.1    7.1    7.1    7.1    7.1    7.1    7.1    7.1    7.1
   7.1    7.1    7.1    7.1   -3.4   -3.4    7.1    7.1  -17.8    7.1    7.1
 -18.05   7.1    7.1   -3.3  -18.   -18.   -18.     7.1 ]


[  8.15   7.1    7.1    7.1    7.1    7.1    7.1    7.1    7.1    7.1    7.1
   7.1    7.1    7.1    7.1    7.1    7.1  -18.05   7.1  -16.95   7.1  -18.
   4.9    7.1    3.55 -16.2    7.1  -18.   -18.   -18.05]


[  8.15   7.1    7.1    7.1    7.1    7.1    7.1    7.1    7.1    7.1    7.1
   7.1    7.1    7.1    7.1   -3.4  -18.   -18.05 -17.1  -18.05   7.1  -17.1
   7.1  -18.05 -18.     7.1  -17.1    7.1  -18.     7.1 ]


[  8.15   7.1    7.1    7.1    7.1    7.1    7.1    7.1    7.1    7.1    7.1
   7.1    7.1    7.1    7.1    7.1  -17.1  -17.95   7.1   -3.3  -17.1  -18.
 -18.05 -18.   -18.     7.1    7.1    7.1  -17.1  -16.95]


[  8.15   7.1    7.1    7.1    7.1    7.1    7.1    7.1    7.1    7.1    7.1
   7.1    7.1    7.1    7.1    7.1  -16.95   7.1  -18.   -18.05   7.1  -18.
   7.1  -18.05 -18.05   7.1  -18.     7.1    7.1    7.1 ]


[  8.15   7.1    7.1    7.1    7.1    7.1    7.1    7.1    7.1    7.1    7.1
   7.1    7.1    7.1    7.1  -17.95   7.1    7.1    7.1  -16.95   7.1  -17.1
 -18.05   7.1   -3.3    7.1  -18.05   7.1    7.1    7.1 ]


[  8.15   7.1    7.1    7.1    7.1    7.1    7.1    7.1    7.1    7.1    7.1
   7.1    7.1    7.1    7.1  -17.95   7.1  -17.1  -18.   -18.05 -17.1  -17.1
   7.1    7.1  -18.   -16.2    2.   -16.2  -18.   -18.05]


[  8.15   7.1    7.1    7.1    7.1    7.1    7.1    7.1    7.1    7.1    7.1
   7.1    7.1    7.1    7.1  -17.1    7.1  -17.1    2.     7.1    7.1    1.
   7.1    1.9  -18.     7.1  -16.2  -18.   -18.     7.1 ]


[  8.15   7.1    7.1    7.1    7.1    7.1    7.1    7.1    7.1    7.1    7.1
   7.1    7.1    7.1    7.1  -17.1  -18.     7.1    7.1  -18.05   7.1  -18.
   7.1  -18.    -1.55   7.1    7.1  -18.     7.1    7.1 ]


[  8.15   7.1    7.1    7.1    7.1    7.1    7.1    7.1    7.1    7.1    7.1
   7.1    7.1    7.1    7.1   -3.4   -3.4    7.1  -18.   -18.05   7.1    7.1
 -18.05 -18.     3.55  -3.3  -18.     7.1    7.1  -16.2 ]


[  8.15   7.1    7.1    7.1    7.1    7.1    7.1    7.1    7.1    7.1    7.1
   7.1    7.1    7.1    7.1  -17.95   7.1    7.1    7.1  -18.05 -18.05
   7.1    7.1  -18.05 -18.   -18.05 -16.95 -18.   -18.   -18.  ]


[  8.15   7.1    7.1    7.1    7.1    7.1    7.1    7.1    7.1    7.1    7.1
   7.1    7.1    7.1    7.1    7.1  -18.   -17.1  -18.05 -18.05 -18.05 -18.
   7.1  -18.   -17.8    7.1    7.1  -16.2  -18.     7.1 ]


[  8.15   7.1    7.1    7.1    7.1    7.1    7.1    7.1    7.1    7.1    7.1
   7.1    7.1    7.1    7.1  -17.95 -16.9    7.1    0.2  -17.8    7.1    7.1
 -17.95 -17.8    7.1    7.1  -18.   -16.2    7.1    7.1 ]


[  8.15   7.1    7.1    7.1    7.1    7.1    7.1    7.1    7.1    7.1    7.1
   7.1    7.1    7.1    7.1  -18.05   7.1    7.1  -18.   -18.05   7.1
 -18.05   7.1    7.1  -16.2    7.1  -18.    -5.35   7.1    7.1 ]


[  8.15   7.1    7.1    7.1    7.1    7.1    7.1    7.1    7.1    7.1    7.1
   7.1    7.1    7.1    7.1   -3.4  -16.9  -17.95 -18.   -18.05   7.1
 -18.05   7.1    7.1  -18.05   7.1  -16.2  -18.   -18.05 -18.05]


[  8.15   7.1    7.1    7.1    7.1    7.1    7.1    7.1    7.1    7.1    7.1
   7.1    7.1    7.1    7.1    7.1  -16.9  -18.     7.1  -18.05 -18.05
   7.1    7.1    4.9   -3.3  -16.2  -18.   -18.05 -18.   -16.2 ]


[  8.15   7.1    7.1    7.1    7.1    7.1    7.1    7.1    7.1    7.1    7.1
   7.1    7.1    7.1    7.1    7.1    7.1    7.1    7.1    7.1    7.1  -18.
   4.9  -18.   -16.2    7.1  -18.05 -18.     7.1    7.1 ]


[  8.15   7.1    7.1    7.1    7.1    7.1    7.1    7.1    7.1    7.1    7.1
   7.1    7.1    7.1    7.1    5.85   7.1    7.1    7.1    7.1    7.1    7.1
   7.1  -16.2  -16.2    7.1  -18.     7.1    7.1  -16.2 ]


[  8.15   7.1    7.1    7.1    7.1    7.1    7.1    7.1    7.1    7.1    7.1
   7.1    7.1    7.1    7.1  -17.95   7.1    7.1    7.1   -3.3    7.1  -18.
 -18.   -17.8  -18.   -16.2  -18.     7.1  -18.     0.4 ]


[  8.15   7.1    7.1    7.1    7.1    7.1    7.1    7.1    7.1    7.1    7.1
   7.1    7.1    7.1    7.1    7.1  -16.95   7.1    7.1    7.1    7.1  -18.
   7.1  -18.   -18.05   3.55 -17.1  -18.     7.1  -17.15]


[  8.15   7.1    7.1    7.1    7.1    7.1    7.1    7.1    7.1    7.1    7.1
   7.1    7.1    7.1    7.1    7.1  -17.1    7.1  -18.   -16.95   7.1   -3.4
   7.1  -18.   -18.   -16.2  -16.95 -18.05   7.1    7.1 ]


[  8.15   7.1    7.1    7.1    7.1    7.1    7.1    7.1    7.1    7.1    7.1
   7.1    7.1    7.1    7.1    7.1    7.1    7.1  -16.95 -17.6    7.1  -17.1
  -3.3    4.9  -18.     7.1  -17.15 -18.     7.1  -18.  ]


[  8.15   7.1    7.1    7.1    7.1    7.1    7.1    7.1    7.1    7.1    7.1
   7.1    7.1    7.1    7.1    7.1    7.1  -17.95  -2.25 -18.05   7.1  -18.
 -18.05 -16.2  -18.   -16.2  -18.   -16.2    7.1    7.1 ]


[  8.15   7.1    7.1    7.1    7.1    7.1    7.1    7.1    7.1    7.1    7.1
   7.1    7.1    7.1    7.1    7.1    7.1    7.1  -16.2  -18.     7.1
 -18.05 -18.05 -18.    -3.3    7.1  -18.05   7.1    7.1  -16.9 ]


[  8.15   7.1    7.1    7.1    7.1    7.1    7.1    7.1    7.1    7.1    7.1
   7.1    7.1    7.1    7.1    7.1   -3.4    7.1    7.1  -17.8    7.1  -18.
   7.1    7.1  -16.2    2.   -18.     7.1  -18.     7.1 ]


[  8.15   7.1    7.1    7.1    7.1    7.1    7.1    7.1    7.1    7.1    7.1
   7.1    7.1    7.1    7.1  -17.95   7.1  -17.1    7.1  -18.05   7.1   -3.3
 -18.05 -18.   -16.2    2.   -18.     7.1  -18.     7.1 ]


[  8.15   7.1    7.1    7.1    7.1    7.1    7.1    7.1    7.1    7.1    7.1
   7.1    7.1    7.1    7.1    7.1  -16.95   7.1    7.1  -18.     7.1  -18.
 -18.05 -18.   -18.05 -16.2    7.1    7.1    7.1    7.1 ]


[  8.15   7.1    7.1    7.1    7.1    7.1    7.1    7.1    7.1    7.1    7.1
   7.1    7.1    7.1    7.1    7.1    7.1    7.1    7.1  -18.05 -17.1    7.1
   7.1    7.1    7.1    7.1  -18.     7.1    7.1    7.1 ]


[  8.15   7.1    7.1    7.1    7.1    7.1    7.1    7.1    7.1    7.1    7.1
   7.1    7.1    7.1    7.1   -3.4    7.1    7.1    7.1    7.1    7.1    7.1
 -18.05 -18.     7.1  -16.2  -18.     7.1  -17.1    7.1 ]


[  8.15   7.1    7.1    7.1    7.1    7.1    7.1    7.1    7.1    7.1    7.1
   7.1    7.1    7.1    7.1  -17.1  -16.95   7.1    7.1    7.1  -17.1
 -18.05   7.1  -18.   -18.   -18.05 -18.   -18.   -18.     7.1 ]


[  8.15   7.1    7.1    7.1    7.1    7.1    7.1    7.1    7.1    7.1    7.1
   7.1    7.1    7.1    7.1    7.1  -17.1    7.1    7.1   -3.3    7.1
 -18.05 -18.05 -18.   -16.2  -18.   -16.2  -18.     7.1  -18.  ]


[  8.15   7.1    7.1    7.1    7.1    7.1    7.1    7.1    7.1    7.1    7.1
   7.1    7.1    7.1    7.1  -17.1    7.1    7.1    7.1  -18.05   7.1  -18.
   7.1  -18.   -18.05 -16.2  -18.     7.1  -18.     7.1 ]


[  8.15   7.1    7.1    7.1    7.1    7.1    7.1    7.1    7.1    7.1    7.1
   7.1    7.1    7.1    7.1  -17.95   7.1  -18.     7.1    7.1    7.1  -18.
   7.1  -16.2  -18.   -16.2    7.1  -18.   -18.   -18.05]


[  8.15   7.1    7.1    7.1    7.1    7.1    7.1    7.1    7.1    7.1    7.1
   7.1    7.1    7.1    7.1  -17.95 -18.05   7.1  -16.95 -18.05   7.1  -18.
 -18.05 -16.2  -16.2    7.1  -18.   -16.2  -18.     7.1 ]


[  8.15   7.1    7.1    7.1    7.1    7.1    7.1    7.1    7.1    7.1    7.1
   7.1    7.1    7.1    7.1   -3.4  -17.1  -16.9  -18.05 -16.95   7.1  -18.
 -18.     1.9    7.1  -18.   -18.   -16.2  -18.   -18.05]


[  8.15   7.1    7.1    7.1    7.1    7.1    7.1    7.1    7.1    7.1    7.1
   7.1    7.1    7.1    7.1  -17.95  -3.4  -18.05  -2.25  -3.3    7.1  -18.
   7.1    7.1  -18.   -16.2    7.1  -18.   -18.   -18.  ]


[  8.15   7.1    7.1    7.1    7.1    7.1    7.1    7.1    7.1    7.1    7.1
   7.1    7.1    7.1    7.1  -18.05   7.1    7.1    7.1  -18.05   7.1  -18.
   7.1  -16.2   -2.25   7.1  -18.     7.1    7.1    7.1 ]


[  8.15   7.1    7.1    7.1    7.1    7.1    7.1    7.1    7.1    7.1    7.1
   7.1    7.1    7.1    7.1  -17.65   7.1    7.1    7.1    7.1  -17.1  -18.
 -18.   -16.2  -18.     7.1  -18.   -18.   -18.   -16.95]


[  8.15   7.1    7.1    7.1    7.1    7.1    7.1    7.1    7.1    7.1    7.1
   7.1    7.1    7.1    7.1    7.1  -17.1   -3.4    7.1  -18.05   7.1  -18.
 -18.05   7.1  -16.2    7.1  -18.    -5.35 -18.     7.1 ]


[  8.15   7.1    7.1    7.1    7.1    7.1    7.1    7.1    7.1    7.1    7.1
   7.1    7.1    7.1    7.1  -17.95 -16.95   7.1  -18.05 -18.05   7.1  -18.
 -18.05 -18.   -16.2   -3.3  -18.   -18.   -18.   -16.95]


[  8.15   7.1    7.1    7.1    7.1    7.1    7.1    7.1    7.1    7.1    7.1
   7.1    7.1    7.1    7.1  -18.05 -16.9  -18.     7.1  -16.95   7.1  -17.1
 -18.05   4.9  -18.05   7.1  -18.     7.1    7.1  -16.95]


[  8.15   7.1    7.1    7.1    7.1    7.1    7.1    7.1    7.1    7.1    7.1
   7.1    7.1    7.1    7.1  -16.25 -17.1    7.1  -16.2  -17.8    7.1  -18.
 -18.05 -18.   -16.2    7.1  -16.2    7.1    7.1  -18.05]


[  8.15   7.1    7.1    7.1    7.1    7.1    7.1    7.1    7.1    7.1    7.1
   7.1    7.1    7.1    7.1  -17.1    7.1    7.1    7.1  -18.05   7.1  -17.1
 -18.05   7.1  -18.05 -16.2    7.1  -18.     7.1    7.1 ]


[  8.15   7.1    7.1    7.1    7.1    7.1    7.1    7.1    7.1    7.1    7.1
   7.1    7.1    7.1    7.1    7.1   -3.4    7.1    7.1    7.1    7.1  -17.1
   7.1    7.1  -16.2    7.1  -17.15 -18.   -18.   -16.2 ]


[  8.15   7.1    7.1    7.1    7.1    7.1    7.1    7.1    7.1    7.1    7.1
   7.1    7.1    7.1    7.1  -17.95   7.1    7.1    7.1  -17.8    7.1  -17.1
 -18.05 -18.   -16.2    7.1  -16.2  -18.    -5.7    7.1 ]


[  8.15   7.1    7.1    7.1    7.1    7.1    7.1    7.1    7.1    7.1    7.1
   7.1    7.1    7.1    7.1    7.1  -18.05   7.1    7.1  -16.95   7.1  -18.
 -18.05 -18.05 -15.1    7.1  -18.05 -18.     7.1  -18.05]


[  8.15   7.1    7.1    7.1    7.1    7.1    7.1    7.1    7.1    7.1    7.1
   7.1    7.1    7.1    7.1  -16.25  -2.25   7.1  -18.05 -18.     7.1  -18.
 -18.05   7.1    7.1  -16.2    7.1    7.1  -18.     7.1 ]


[  8.15   7.1    7.1    7.1    7.1    7.1    7.1    7.1    7.1    7.1    7.1
   7.1    7.1    7.1    7.1  -17.95   7.1    7.1    7.1    7.1  -18.   -17.1
 -18.05 -18.    -3.3   -3.3  -16.2  -18.     7.1    7.1 ]


[  8.15   7.1    7.1    7.1    7.1    7.1    7.1    7.1    7.1    7.1    7.1
   7.1    7.1    7.1    7.1    7.1    7.1    7.1    7.1  -18.05 -17.1  -17.1
 -18.     4.9   -3.4    7.1  -18.     7.1  -18.   -16.2 ]


[  8.15   7.1    7.1    7.1    7.1    7.1    7.1    7.1    7.1    7.1    7.1
   7.1    7.1    7.1    7.1   -3.4   -3.4  -18.     2.   -18.05 -18.   -18.
   7.1    7.1    7.1  -16.2    7.1    7.1  -18.   -18.  ]


[  8.15   7.1    7.1    7.1    7.1    7.1    7.1    7.1    7.1    7.1    7.1
   7.1    7.1    7.1    7.1  -17.1    7.1    7.1  -18.05 -18.05 -17.1  -18.
 -18.05 -18.   -18.   -18.05 -18.   -18.   -18.     7.1 ]


[  8.15   7.1    7.1    7.1    7.1    7.1    7.1    7.1    7.1    7.1    7.1
   7.1    7.1    7.1    7.1  -17.95 -18.05   7.1  -17.15 -18.05   7.1  -17.1
   7.1  -16.2  -16.2  -16.2  -18.   -16.2  -18.     7.1 ]


[  8.15   7.1    7.1    7.1    7.1    7.1    7.1    7.1    7.1    7.1    7.1
   7.1    7.1    7.1    7.1    7.1  -16.95  -3.4    7.1    7.1  -18.   -18.05
   4.05 -18.05 -18.05   7.1  -16.95 -18.   -18.    -3.4 ]


[  8.15   7.1    7.1    7.1    7.1    7.1    7.1    7.1    7.1    7.1    7.1
   7.1    7.1    7.1    7.1  -18.05 -18.   -17.95   7.1    7.1    1.   -18.
   7.1    4.9  -16.2    7.1  -15.8    7.1  -18.05   7.1 ]


[  8.15   7.1    7.1    7.1    7.1    7.1    7.1    7.1    7.1    7.1    7.1
   7.1    7.1    7.1    7.1  -17.1    7.1  -18.05   7.1    7.1    7.1  -18.
   7.1  -18.   -18.     7.1    2.     7.1  -18.     3.55]


[  8.15   7.1    7.1    7.1    7.1    7.1    7.1    7.1    7.1    7.1    7.1
   7.1    7.1    7.1    7.1    7.1    7.1    7.1  -18.05 -18.05   7.1
 -18.05   7.1  -18.   -16.2    7.1  -18.   -18.   -18.     7.1 ]


[  8.15   7.1    7.1    7.1    7.1    7.1    7.1    7.1    7.1    7.1    7.1
   7.1    7.1    7.1    7.1  -18.05 -18.05   7.1    7.1    7.1    7.1  -17.1
 -18.05 -18.   -18.     7.1  -16.2  -18.     7.1    7.1 ]


[  8.15   7.1    7.1    7.1    7.1    7.1    7.1    7.1    7.1    7.1    7.1
   7.1    7.1    7.1    7.1    7.1    7.1  -17.95 -18.   -18.05   7.1  -18.
   7.1  -18.   -18.     7.1  -18.     7.1  -18.    -3.4 ]


[  8.15   7.1    7.1    7.1    7.1    7.1    7.1    7.1    7.1    7.1    7.1
   7.1    7.1    7.1    7.1    2.   -16.95   7.1    7.1    7.1  -17.1
 -18.05   7.1    4.9    7.1    7.1  -18.   -18.   -18.   -16.2 ]


[  8.15   7.1    7.1    7.1    7.1    7.1    7.1    7.1    7.1    7.1    7.1
   7.1    7.1    7.1    7.1  -17.1  -17.1  -17.95 -18.     7.1    2.     7.1
 -18.05 -18.   -18.   -18.05   7.1  -18.     7.1  -18.05]


[  8.15   7.1    7.1    7.1    7.1    7.1    7.1    7.1    7.1    7.1    7.1
   7.1    7.1    7.1    7.1  -17.95   7.1    7.1    7.1  -18.05   7.1
 -18.05   2.     7.1  -18.05   7.1  -18.     7.1  -17.1   -3.4 ]


[  8.15   7.1    7.1    7.1    7.1    7.1    7.1    7.1    7.1    7.1    7.1
   7.1    7.1    7.1    7.1  -17.95  -3.4    7.1    7.1  -16.95   7.1  -18.
 -17.6  -18.     1.9   -3.3  -18.     7.1  -18.     7.1 ]


[  8.15   7.1    7.1    7.1    7.1    7.1    7.1    7.1    7.1    7.1    7.1
   7.1    7.1    7.1    7.1    7.1  -17.95 -16.95   7.1  -18.05  -3.3
 -18.05   7.1  -18.05   7.1    2.   -18.   -18.   -18.   -18.  ]


[  8.15   7.1    7.1    7.1    7.1    7.1    7.1    7.1    7.1    7.1    7.1
   7.1    7.1    7.1    7.1  -17.1    7.1  -17.1  -18.05   7.1    7.1  -17.1
   7.1  -18.   -18.    -3.3  -18.    -5.35 -18.     7.1 ]


[  8.15   7.1    7.1    7.1    7.1    7.1    7.1    7.1    7.1    7.1    7.1
   7.1    7.1    7.1    7.1  -17.1  -17.65   7.1  -18.05 -18.05 -18.   -18.
 -18.   -16.2  -18.   -16.2  -18.   -18.     7.1  -16.9 ]


[  8.15   7.1    7.1    7.1    7.1    7.1    7.1    7.1    7.1    7.1    7.1
   7.1    7.1    7.1    7.1    7.1    7.1    7.1  -18.05 -18.     7.1    7.1
 -18.05   7.1    7.1  -18.05   7.1    7.1  -18.     7.1 ]


[  8.15   7.1    7.1    7.1    7.1    7.1    7.1    7.1    7.1    7.1    7.1
   7.1    7.1    7.1    7.1  -17.1  -18.05   7.1    7.1    2.     7.1  -18.
 -18.05   7.1  -18.     7.1    7.1    7.1  -18.     7.1 ]


[  8.15   7.1    7.1    7.1    7.1    7.1    7.1    7.1    7.1    7.1    7.1
   7.1    7.1    7.1    7.1  -17.1  -17.1    7.1  -18.     6.05   7.1  -17.1
 -18.05   7.1  -18.05   7.1  -17.6  -16.2  -18.     7.1 ]


[  8.15   7.1    7.1    7.1    7.1    7.1    7.1    7.1    7.1    7.1    7.1
   7.1    7.1    7.1    7.1  -17.1    7.1  -18.   -18.     7.1    7.1
 -18.05   7.1  -18.   -18.05 -18.   -18.     7.1    7.1    7.1 ]


[  8.15   7.1    7.1    7.1    7.1    7.1    7.1    7.1    7.1    7.1    7.1
   7.1    7.1    7.1    7.1  -18.05   7.1  -18.05 -16.2  -18.05   7.1  -17.1
   7.1  -18.     7.1    2.   -18.     7.1    7.1    7.1 ]


[  8.15   7.1    7.1    7.1    7.1    7.1    7.1    7.1    7.1    7.1    7.1
   7.1    7.1    7.1    7.1  -18.05   7.1    7.1    7.1    7.1    7.1  -18.
   7.1  -17.6  -16.2    7.1  -18.05   7.1    7.1    7.1 ]


[  8.15   7.1    7.1    7.1    7.1    7.1    7.1    7.1    7.1    7.1    7.1
   7.1    7.1    7.1    7.1  -17.1  -16.9  -16.95   7.1  -18.   -18.   -17.1
   7.1  -18.   -18.05 -17.1    7.1    7.1  -18.   -18.  ]


[  8.15   7.1    7.1    7.1    7.1    7.1    7.1    7.1    7.1    7.1    7.1
   7.1    7.1    7.1    7.1    7.1    7.1    7.1    7.1    7.1    7.1  -18.
   7.1  -16.2  -18.   -16.2  -18.    -5.35 -18.   -16.9 ]


[  8.15   7.1    7.1    7.1    7.1    7.1    7.1    7.1    7.1    7.1    7.1
   7.1    7.1    7.1    7.1    0.     7.1  -16.95   7.1   -3.3    7.1  -18.
 -18.05 -18.    -3.3  -16.2    7.1    7.1  -17.1    7.1 ]


[  8.15   7.1    7.1    7.1    7.1    7.1    7.1    7.1    7.1    7.1    7.1
   7.1    7.1    7.1    7.1  -17.95 -16.95   7.1    7.1    7.1    7.1  -18.
 -18.05 -18.     2.   -18.05 -18.   -18.     2.     1.9 ]


[  8.15   7.1    7.1    7.1    7.1    7.1    7.1    7.1    7.1    7.1    7.1
   7.1    7.1    7.1    7.1    7.1    7.1    7.1    7.1    7.1    7.1    7.1
 -18.     7.1  -16.2    7.1  -18.   -18.   -18.     7.1 ]


[  8.15   7.1    7.1    7.1    7.1    7.1    7.1    7.1    7.1    7.1    7.1
   7.1    7.1    7.1    7.1    7.1    7.1    7.1    7.1  -18.     7.1
 -18.05   7.1    7.1   -3.3  -18.     7.1  -18.     7.1    7.1 ]


[  8.15   7.1    7.1    7.1    7.1    7.1    7.1    7.1    7.1    7.1    7.1
   7.1    7.1    7.1    7.1  -17.1    7.1  -18.05 -18.    -3.3    7.1  -18.
 -18.   -18.   -18.05   7.1    7.1    7.1    6.05   7.1 ]


[  8.15   7.1    7.1    7.1    7.1    7.1    7.1    7.1    7.1    7.1    7.1
   7.1    7.1    7.1    7.1  -17.95   7.1    7.1    7.1    7.1    7.1  -18.
  -3.3    7.1  -18.     7.1    7.1  -18.   -18.     7.1 ]


[  8.15   7.1    7.1    7.1    7.1    7.1    7.1    7.1    7.1    7.1    7.1
   7.1    7.1    7.1    7.1    7.1    7.1    7.1  -16.2    7.1    7.1    7.1
 -18.05 -18.    -3.3    7.1  -18.     7.1    7.1    7.1 ]


[  8.15   7.1    7.1    7.1    7.1    7.1    7.1    7.1    7.1    7.1    7.1
   7.1    7.1    7.1    7.1  -17.95   7.1    7.1    7.1  -16.95   7.1  -18.
   7.1  -18.   -18.05 -18.05   7.1  -18.   -18.     7.1 ]


[  8.15   7.1    7.1    7.1    7.1    7.1    7.1    7.1    7.1    7.1    7.1
   7.1    7.1    7.1    7.1  -17.95   7.1  -18.     7.1  -18.     7.1  -18.
 -18.05 -16.2  -16.95 -18.   -17.6  -18.   -18.     7.1 ]


[  8.15   7.1    7.1    7.1    7.1    7.1    7.1    7.1    7.1    7.1    7.1
   7.1    7.1    7.1    7.1    7.1   -3.4   -3.4    7.1    7.1    7.1  -18.
 -18.05 -18.    -3.3    3.55 -18.   -18.   -18.   -18.  ]


[  8.15   7.1    7.1    7.1    7.1    7.1    7.1    7.1    7.1    7.1    7.1
   7.1    7.1    7.1    7.1   -3.4    1.   -18.05   7.1  -17.8    7.1  -18.
 -17.95 -18.   -18.   -18.05 -16.2  -16.2  -18.   -16.95]


[  8.15   7.1    7.1    7.1    7.1    7.1    7.1    7.1    7.1    7.1    7.1
   7.1    7.1    7.1    7.1  -17.95 -18.   -17.95   7.1   -3.3    7.1  -18.
   7.1    4.9  -18.05   7.1  -16.95   7.1  -18.     7.1 ]


[  8.15   7.1    7.1    7.1    7.1    7.1    7.1    7.1    7.1    7.1    7.1
   7.1    7.1    7.1    7.1    5.85   7.1    7.1    7.1    7.1    7.1  -17.1
 -17.1    4.9  -16.2    7.1    7.1  -18.   -18.     7.1 ]


[  8.15   7.1    7.1    7.1    7.1    7.1    7.1    7.1    7.1    7.1    7.1
   7.1    7.1    7.1    7.1  -17.95   7.1    7.1    7.1   -3.3    7.1  -17.1
 -18.05 -18.     7.1    2.   -15.8  -18.   -18.     7.1 ]


[  8.15   7.1    7.1    7.1    7.1    7.1    7.1    7.1    7.1    7.1    7.1
   7.1    7.1    7.1    7.1    7.1  -16.95   7.1    7.1  -18.     7.1    7.1
   7.1  -18.   -18.     7.1  -17.6  -18.   -18.     7.1 ]


[  8.15   7.1    7.1    7.1    7.1    7.1    7.1    7.1    7.1    7.1    7.1
   7.1    7.1    7.1    7.1  -17.95 -16.95   7.1    7.1  -16.95   7.1  -17.1
 -18.05 -18.05 -16.2  -16.2  -18.   -18.     2.   -16.2 ]


[  8.15   7.1    7.1    7.1    7.1    7.1    7.1    7.1    7.1    7.1    7.1
   7.1    7.1    7.1    7.1  -17.95  -3.4    7.1  -18.   -18.05 -17.1    7.1
 -18.   -18.   -18.   -18.     2.   -18.     7.1    7.1 ]


[  8.15   7.1    7.1    7.1    7.1    7.1    7.1    7.1    7.1    7.1    7.1
   7.1    7.1    7.1    7.1  -18.   -17.1  -17.95   7.1  -18.05   7.1  -17.1
 -18.   -18.   -18.     7.1  -18.   -18.     7.1   -3.4 ]


[  8.15   7.1    7.1    7.1    7.1    7.1    7.1    7.1    7.1    7.1    7.1
   7.1    7.1    7.1    7.1  -17.95 -17.1  -18.05 -18.05 -18.05   7.1    7.1
 -18.05 -17.6  -18.05   3.55 -16.2    7.1    7.1    7.1 ]


[  8.15   7.1    7.1    7.1    7.1    7.1    7.1    7.1    7.1    7.1    7.1
   7.1    7.1    7.1    7.1    7.1  -18.05  -3.4    7.1  -16.95   7.1    7.1
   7.1  -18.   -18.     7.1  -18.     7.1  -18.05   7.1 ]


[  8.15   7.1    7.1    7.1    7.1    7.1    7.1    7.1    7.1    7.1    7.1
   7.1    7.1    7.1    7.1  -17.95   7.1    7.1    7.1   -2.25   7.1  -17.1
   7.1  -18.     7.1    2.   -16.2  -18.   -17.95   7.1 ]


[  8.15   7.1    7.1    7.1    7.1    7.1    7.1    7.1    7.1    7.1    7.1
   7.1    7.1    7.1    7.1   -3.4    1.   -17.95   0.2    7.1    7.1
   3.55  -3.3    4.9  -18.     7.1  -18.   -16.2    7.1  -16.9 ]


